time	distance
1325.58626571617	0
1329.05385452458	0.0000248397806898349
1332.52144333298	0.0000496791067830036
1335.98903214139	0.0000745186147148429
1339.45662094979	0.0000993581226469509
1342.9242097582	0.000124197703315303
1346.3917985666	0.000149037168819001
1349.85938737501	0.000173876750354299
1353.32697618341	0.000198716245299929
1356.79456499182	0.000345304564482526
1360.26215380022	0.00269144831912358
1363.72974260863	0.00516427569407874
1367.19733141704	0.0081010004302808
1370.66492022544	0.0111260783322742
1374.13250903385	0.0141862426963212
1377.60009784225	0.0172664937951047
1381.06768665066	0.020346727133975
1384.53527545906	0.0235888553046389
1388.00286426747	0.0269267692925893
1391.47045307587	0.0337403747449288
1394.93804188428	0.0436929066915918
1398.40563069268	0.0545616526541482
1401.87321950109	0.0666953021931679
1405.3408083095	0.0844435832853117
1408.8083971179	0.104509200357449
1412.27598592631	0.129033669985685
1415.74357473471	0.159660570308333
1419.21116354312	0.192426074053664
1422.67875235152	0.233655485908638
1426.14634115993	0.28614069018214
1429.61392996833	0.349218403506193
1433.08151877674	0.422329707396503
1436.54910758514	0.505783076122154
1440.01669639355	0.597961047922333
1443.48428520196	0.699238351233966
1446.95187401036	0.811668642354726
1450.41946281877	0.937261323243559
1453.88705162717	1.07436531136566
1457.35464043558	1.22247289203606
1460.82222924398	1.39237241539339
1464.28981805239	1.5874788695201
1467.75740686079	1.81333026764303
1471.2249956692	2.0604712838167
1474.6925844776	2.3356385438995
1478.16017328601	2.64962389789438
1481.62776209442	3.01728737626033
1485.09535090282	3.42514532566451
1488.56293971123	3.8761448189098
1492.03052851963	4.36931068874749
1495.49811732804	4.89945336972924
1498.96570613644	5.47186335658247
1502.43329494485	6.0868928091992
1505.90088375325	6.72819018797811
1509.36847256166	7.39860257449671
1512.83606137006	8.10048931241121
1516.30365017847	8.83906491052224
1519.77123898688	9.61052926529415
1523.23882779528	10.4211346617573
1526.70641660369	11.2673753068698
1530.17400541209	12.1555014050633
1533.6415942205	13.0709242753319
1537.1091830289	14.0174799863881
1540.57677183731	15.0006948565553
1544.04436064571	16.0168484618206
1547.51194945412	17.0583540514193
1550.97953826252	18.1177773733643
1554.44712707093	19.1900606356835
1557.91471587934	20.2772817556206
1561.38230468774	21.3871107935176
1564.84989349615	22.5207677193478
1568.31748230455	23.6649535071982
1571.78507111296	24.8174837645078
1575.25265992136	25.9781742841368
1578.72024872977	27.1444577962421
1582.18783753817	28.3201820431203
1585.65542634658	29.5047472400008
1589.12301515498	30.6936209541809
1592.59060396339	31.883769379484
1596.0581927718	33.0742518611095
1599.5257815802	34.2674757130894
1602.99337038861	35.4610741072376
1606.46095919701	36.6546704603045
1609.92854800542	37.8482647473713
1613.39613681382	39.041856944204
1616.86372562223	40.2354470253991
1620.33131443063	41.4290349662953
1623.79890323904	42.6226207420176
1627.26649204744	43.8201066591984
1630.73408085585	45.0182850745122
1634.20166966425	46.2164612979846
1637.66925847266	47.4146353042142
1641.13684728107	48.6128070683564
1644.60443608947	49.8109765652482
1648.07202489788	51.009143769829
1651.53961370628	52.2073086570517
1655.00720251469	53.4054712017229
1658.47479132309	54.6036313789985
1661.9423801315	55.8017891635438
1665.4099689399	56.9999445304056
1668.87755774831	58.1980974545915
1672.34514655672	59.3962479108455
1675.81273536512	60.5943958742182
1679.28032417353	61.7925413195121
1682.74791298193	62.9906842218578
1686.21550179034	64.1888245558751
1689.68309059874	65.3869622967013
1693.15067940715	66.5850974192329
1696.61826821555	67.783229898217
1700.08585702396	68.9813597088628
1703.55344583236	70.1794868257883
1707.02103464077	71.3776112240985
1710.48862344918	72.5757328786518
1713.95621225758	73.7738517643531
1717.42380106599	74.971967856045
1720.89138987439	76.1700811287615
1724.3589786828	77.3681915573953
1727.8265674912	78.5662991167518
1731.29415629961	79.7644037818428
1734.76174510801	80.9625055275094
1738.22933391642	82.1606043286833
1741.69692272482	83.3587001603025
1745.16451153323	84.5567929972249
1748.63210034163	85.7548828143608
1752.09968915004	86.9529695865885
1755.56727795845	88.1510532889081
1759.03486676685	89.3491338961233
1762.50245557526	90.5472113830988
1765.97004438366	91.7434041398707
1769.43763319207	92.9369148054841
1772.90522200047	94.1382210987618
1776.37281080888	95.3691747473191
1779.84039961728	96.617276550777
1783.30798842569	97.8888165466808
1786.77557723409	99.1765351191226
1790.2431660425	100.500024680735
1793.71075485091	101.858093027241
1797.17834365931	103.261160150706
1800.64593246772	104.740455148549
1804.11352127612	106.299310152342
1807.58111008453	108.116939829162
1811.04869889293	110.178620064655
1814.51628770134	112.468371178115
1817.98387650974	115.069576442214
1821.45146531815	118.061288815792
1824.91905412655	121.431769583639
1828.38664293496	125.092487012222
1831.85423174337	129.227400086628
1835.32182055177	133.680371040003
1838.78940936018	138.440478662936
1842.25699816858	143.317013873759
1845.72458697699	148.631066103175
1849.19217578539	154.168514531404
1852.6597645938	159.971882780427
1856.1273534022	165.839778602629
1859.59494221061	171.663866065315
1863.06253101901	177.326403799314
1866.53011982742	182.675190217821
1869.99770863583	187.570178244105
1873.46529744423	191.904089524159
1876.93288625264	195.513967842998
1880.40047506104	198.441511601202
1883.86806386945	200.817519750247
1887.33565267785	202.843776289416
1890.80324148626	204.707839921011
1894.27083029466	206.465160934189
1897.73841910307	208.176028931547
1901.20600791147	209.887959019844
1904.67359671988	211.646146743001
1908.14118552829	213.549447532347
1911.60877433669	215.617918261194
1915.0763631451	217.832949669977
1918.5439519535	220.17996141171
1922.01154076191	222.689681510939
1925.47912957031	225.401035047054
1928.94671837872	228.451971625533
1932.41430718712	231.782660439779
1935.88189599553	235.736029759653
1939.34948480393	240.31885224881
1942.81707361234	245.485221244702
1946.28466242075	251.82431983529
1949.75225122915	258.469365185779
1953.21984003756	265.490987281563
1956.68742884596	274.045235523523
1960.15501765437	282.995021697285
1963.62260646277	291.803591649752
1967.09019527118	299.664993058978
1970.55778407958	307.364761483163
1974.02537288799	315.309326136433
1977.49296169639	323.968939481606
1980.9605505048	333.866111961985
1984.42813931321	344.872112631783
1987.89572812161	356.001238393485
1991.36331693002	366.438114380489
1994.83090573842	376.592465256579
1998.29849454683	386.931782197647
2001.76608335523	397.589297107501
2005.23367216364	408.843019241087
2008.70126097204	420.928917497309
2012.16884978045	433.845730317096
2015.63643858885	447.343651073971
2019.10402739726	447.343651073971
