time	velocity
1588.60743772738	0.154905482829646
1590.76568615983	NA
1592.92393459227	NA
1595.08218302471	NA
1597.24043145716	NA
1599.3986798896	NA
1601.55692832205	0.213828288925275
1603.71517675449	0.213827502659657
1605.87342518694	NA
1608.03167361938	NA
1610.18992205182	NA
1612.34817048427	NA
1614.50641891671	0.0452179583201954
1616.66466734916	0.0452187643117976
1618.8229157816	0.0452187738991398
1620.98116421404	0.0589556561505138
1623.13941264649	0.0589557966573757
1625.29766107893	0.0589558332364917
1627.45590951138	0.0132196624611879
1629.61415794382	0.0132196006456494
1631.77240637627	0.111765142921053
1633.93065480871	0.111764927476094
1636.08890324115	0.477743664967149
1638.2471516736	0.197542275977728
1640.40540010604	0.00962339646284288
1642.56364853849	0.0193307245014927
1644.72189697093	0.0784630777195276
1646.88014540338	0.0478692301398842
1649.03839383582	0.0435987479844676
1651.19664226826	0.0348391162003374
1653.35489070071	0.105179986848475
1655.51313913315	0.115225649603493
1657.6713875656	0.105179873833572
1659.82963599804	0.0433689040480585
1661.98788443048	0.0959816438325673
1664.14613286293	0.0559820850498828
1666.30438129537	0.030742250208949
1668.46262972782	0.0545638941513678
1670.62087816026	0.0502709321926083
1672.77912659271	0.07213393795907
1674.93737502515	0.183891312738858
1677.09562345759	0.152426943671897
1679.25387189004	0.0597507580197942
1681.41212032248	0.0628854819812718
1683.57036875493	0.0765961542919049
1685.72861718737	0.168682404119772
1687.88686561982	0.16562217054335
1690.04511405226	0.135375952467442
1692.2033624847	0.103807572562612
1694.36161091715	0.10679454597927
1696.51985934959	0.121579968414874
1698.67810778204	0.0946137563573939
1700.83635621448	0.0957210889437683
1702.99460464692	0.137704530413703
1705.15285307937	0.155479496718419
1707.31110151181	0.159102892951867
1709.46934994426	0.152848135783672
1711.6275983767	0.187133504733229
1713.78584680915	0.177969146489013
1715.94409524159	0.164845258736745
1718.10234367403	0.181516819861336
1720.26059210648	0.177721929937613
1722.41884053892	0.163067205112138
1724.57708897137	0.199829078834299
1726.73533740381	0.20728456226096
1728.89358583625	0.22163055241546
1731.0518342687	0.17221786621214
1733.21008270114	0.166166496098209
1735.36833113359	0.217640940548936
1737.52657956603	0.234527762043391
1739.68482799848	0.223260118582865
1741.84307643092	0.229847767831802
1744.00132486336	0.239299726070942
1746.15957329581	0.23036448022879
1748.31782172825	0.228863791202719
1750.4760701607	0.20544037140736
1752.63431859314	0.241225834561992
1754.79256702559	0.242511177794636
1756.95081545803	0.209698372105668
1759.10906389047	0.228965185799486
1761.26731232292	0.228450071578234
1763.42556075536	0.216464855717527
1765.58380918781	0.199138032906875
1767.74205762025	0.187501728925403
1769.90030605269	0.187194823541214
1772.05855448514	0.186488818159398
1774.21680291758	0.195476012605006
1776.37505135003	0.196023238547464
1778.53329978247	0.181674647993656
1780.69154821492	0.152400718162795
1782.84979664736	0.127198637255561
1785.0080450798	0.126503385395246
1787.16629351225	0.1775922890497
1789.32454194469	0.183540778072897
1791.48279037714	0.158630347573183
1793.64103880958	0.195382504674431
1795.79928724203	0.262193482384192
1797.95753567447	0.359449080849888
1800.11578410691	0.371145563201185
1802.27403253936	0.369541284823865
1804.4322809718	0.392483349603459
1806.59052940425	0.419487831561418
1808.74877783669	0.447612785138167
1810.90702626913	0.4486080911963
1813.06527470158	0.469098965922008
1815.22352313402	0.532477771309945
1817.38177156647	0.632139820871826
1819.54001999891	0.67491187140153
1821.69826843136	0.721250349554259
1823.8565168638	0.901537222997342
1826.01476529624	0.881851794138693
1828.17301372869	0.862030809639002
1830.33126216113	0.947490204760778
1832.48951059358	1.01078858220852
1834.64775902602	0.994946849060105
1836.80600745847	1.03464084116904
1838.96425589091	0.986308964200779
1841.12250432335	0.923808260456009
1843.2807527558	0.975618258888948
1845.43900118824	1.01386125749798
1847.59724962069	0.973309165930228
1849.75549805313	0.824355958168789
1851.91374648557	0.655869640302088
1854.07199491802	0.633374406057588
1856.23024335046	0.620489731309135
1858.38849178291	0.529624428119731
1860.54674021535	0.495735216509349
1862.7049886478	0.466143651742809
1864.86323708024	0.384330229377705
1867.02148551268	0.338655567639237
1869.17973394513	0.344039208102141
1871.33798237757	0.332507213188917
1873.49623081002	0.337731185191412
1875.65447924246	0.352359550018384
1877.8127276749	0.355737068322764
1879.97097610735	0.38603308688104
1882.12922453979	0.536896011598551
1884.28747297224	0.497444354129896
1886.44572140468	0.469895927409837
1888.60396983713	0.50040648943221
1890.76221826957	0.499324811834269
1892.92046670201	0.513744023460764
1895.07871513446	0.43100771523438
1897.2369635669	0.419200153517151
1899.39521199935	0.42732926108399
1901.55346043179	0.423370164169476
1903.71170886424	0.420309938108433
1905.86995729668	0.434418574111085
1908.02820572912	0.455502420336312
1910.18645416157	0.499535950462403
1912.34470259401	0.602472972869462
1914.50295102646	0.73115597409374
1916.6611994589	0.901326469647401
1918.81944789134	1.18357754440643
1920.97769632379	1.60142652469297
1923.13594475623	1.71855017461307
1925.29419318868	1.74698068006087
1927.45244162112	1.67470995824843
1929.61069005357	1.75099277324179
1931.76893848601	1.67788230243475
1933.92718691845	1.69686135384653
1936.0854353509	1.81056408215197
1938.24368378334	1.88019710807895
1940.40193221579	2.30019682865377
1942.56018064823	3.58571236836572
1944.71842908068	4.61863307251034
1946.87667751312	5.33220964513716
1949.03492594556	5.33338538035763
1951.19317437801	3.8154885951447
1953.35142281045	1.76213030038936
1955.5096712429	1.34396684270545
1957.66791967534	1.15877912040844
1959.82616810778	1.21246683940404
1961.98441654023	1.47009410788145
1964.14266497267	1.92733902498785
1966.30091340512	2.36973248536489
1968.45916183756	2.48618869011869
1970.61741027001	2.33682237275434
1972.77565870245	2.13694697191128
1974.93390713489	2.0533320703446
1977.09215556734	2.36336064196948
1979.25040399978	2.24242720363246
1981.40865243223	1.57392985099677
1983.56690086467	0.923406067473018
1985.72514929711	0.949619636370896
1987.88339772956	1.25039926246201
1990.041646162	1.59079533099088
1992.19989459445	1.95070104930756
1994.35814302689	2.59845575967847
1996.51639145934	2.69686862148649
1998.67463989178	2.41176323037356
2000.83288832422	1.78400173542186
2002.99113675667	2.12736159663139
2005.14938518911	2.48556700006304
2007.30763362156	1.8402271579688
2009.465882054	0.9801769767459
2011.62413048645	1.63570207692034
2013.78237891889	1.83081272969395
2015.94062735133	1.8354410294934
2018.09887578378	1.85785646250776
