time	velocity
1699.24913313677	0.0548645243797227
1700.85278660476	0.0515968492921267
1702.45644007275	0.0571320053271313
1704.06009354073	0.0417558728412854
1705.66374700872	0.0406540113609144
1707.2674004767	0.0438339794092561
1708.87105394469	0.0940900345645475
1710.47470741268	0.0825511524859451
1712.07836088066	0.0982808506049622
1713.68201434865	0.0970471866099712
1715.28566781663	0.0886053406652335
1716.88932128462	0.0828394087845393
1718.49297475261	0.0655601418122739
1720.09662822059	0.0707571417246815
1721.70028168858	0.0687972624646522
1723.30393515656	0.0703709313860979
1724.90758862455	0.0628749252676088
1726.51124209254	0.0553646054903627
1728.11489556052	0.0587633696545621
1729.71854902851	0.0887629537461291
1731.3222024965	0.261143521809522
1732.92585596448	0.235263256738474
1734.52950943247	0.217638497581809
1736.13316290045	0.0968749900167984
1737.73681636844	0.0871439890282366
1739.34046983643	0.0761148072322768
1740.94412330441	0.074075264320771
1742.5477767724	0.0747782733839277
1744.15143024038	0.080283535918358
1745.75508370837	0.107638101539488
1747.35873717636	0.112206776650232
1748.96239064434	0.124032671065243
1750.56604411233	0.110273665538141
1752.16969758031	0.0819333695266862
1753.7733510483	0.0747973304554388
1755.37700451629	0.080620948719149
1756.98065798427	0.0781740097878083
1758.58431145226	0.0909818227811702
1760.18796492024	0.0981972706995197
1761.79161838823	0.112552413685102
1763.39527185622	0.120530652015291
1764.9989253242	0.116945576255169
1766.60257879219	0.110884795023973
1768.20623226018	0.0907387645281533
1769.80988572816	0.080720578638796
1771.41353919615	0.0845180556473305
1773.01719266413	0.0946688500792869
1774.62084613212	0.0907245344085262
1776.22449960011	0.0846053340768528
1777.82815306809	0.0950189627152983
1779.43180653608	0.0959511784617364
1781.03546000406	0.110030990993496
1782.63911347205	0.109080627534442
1784.24276694004	0.159074293524119
1785.84642040802	0.162681710570781
1787.45007387601	0.194128320282699
1789.05372734399	0.19288187827114
1790.65738081198	0.2108924296447
1792.26103427997	0.188477569778803
1793.86468774795	0.259168513936282
1795.46834121594	0.311809460737642
1797.07199468393	0.378696640456056
1798.67564815191	0.438741486518229
1800.2793016199	0.390704051290924
1801.88295508788	0.414316226303989
1803.48660855587	0.459387150530058
1805.09026202386	0.515053631690314
1806.69391549184	0.5539163404952
1808.29756895983	0.593945536286762
1809.90122242781	0.571806820267951
1811.5048758958	0.573077792531164
1813.10852936379	0.591972466704796
1814.71218283177	0.561435979429367
1816.31583629976	0.584789474674754
1817.91948976774	0.592142779881323
1819.52314323573	0.636292302278078
1821.12679670372	0.63490610573075
1822.7304501717	0.610309955064535
1824.33410363969	0.6068816545586
1825.93775710767	0.582915776218345
1827.54141057566	0.577527900374763
1829.14506404365	0.552743487688793
1830.74871751163	0.562622222708182
1832.35237097962	0.577253953604318
1833.95602444761	0.576949557027821
1835.55967791559	0.609138982823782
1837.16333138358	0.594149284575807
1838.76698485156	0.583089579981444
1840.37063831955	0.571767689323029
1841.97429178754	0.565442713858342
1843.57794525552	0.553238068187349
1845.18159872351	0.530712462084407
1846.78525219149	0.527483229592482
1848.38890565948	0.481738551924751
1849.99255912747	0.460123916831885
1851.59621259545	0.462688369611501
1853.19986606344	0.47884803337347
1854.80351953142	0.504737004158587
1856.40717299941	0.486291993245658
1858.0108264674	0.574953685726237
1859.61447993538	0.571511268177613
1861.21813340337	0.654476978603526
1862.82178687136	0.663087921732064
1864.42544033934	0.678553409223398
1866.02909380733	0.678275081058398
1867.63274727531	0.694171571649614
1869.2364007433	0.76737011759753
1870.84005421129	0.847144815758268
1872.44370767927	0.855478116615714
1874.04736114726	0.867806241537849
1875.65101461524	0.84951574768874
1877.25466808323	0.881915420237748
1878.85832155122	0.894888853046012
1880.4619750192	0.91447974190614
1882.06562848719	0.904116988379685
1883.66928195517	0.908926424509396
1885.27293542316	0.927306998549539
1886.87658889115	0.937304587200456
1888.48024235913	0.940626191637958
1890.08389582712	0.93208574518798
1891.68754929511	0.935228715313574
1893.29120276309	0.962557029170505
1894.89485623108	1.02087399805587
1896.49850969906	1.02272026289066
1898.10216316705	1.04052240953591
1899.70581663504	0.968267203835496
1901.30947010302	0.957005568446005
1902.91312357101	0.938417159590385
1904.51677703899	1.05913293796699
1906.12043050698	0.932536450141841
1907.72408397497	0.992879976984259
1909.32773744295	0.992880030480169
1910.93139091094	0.701839615691194
1912.53504437892	0.297576438405745
1914.13869784691	2.57140055048611
1915.7423513149	3.21064177120911
1917.34600478288	2.9570624550295
1918.94965825087	3.44953384017888
1920.55331171885	2.73110756196427
1922.15696518684	2.18843172807164
1923.76061865483	2.04215895144249
1925.36427212281	2.40241568548422
1926.9679255908	4.19939653539079
1928.57157905879	4.67070945458183
1930.17523252677	4.71067152543205
1931.77888599476	8.36615472673314
1933.38253946274	6.11955386018899
1934.98619293073	6.28265806317539
1936.58984639872	13.1171694502829
1938.1934998667	14.473339560617
1939.79715333469	13.8451785882597
1941.40080680267	14.2947092751072
1943.00446027066	16.1009418261921
1944.60811373865	16.9007563896437
1946.21176720663	18.0008663485487
1947.81542067462	18.4593610734625
1949.4190741426	18.9789731105376
1951.02272761059	16.5119959642619
1952.62638107858	14.0841919948938
1954.23003454656	10.5213406285554
1955.83368801455	7.36933862862349
1957.43734148254	5.28043521966736
1959.04099495052	3.38307331854392
1960.64464841851	2.86457824474667
1962.24830188649	2.57686653288487
1963.85195535448	2.39865767966163
1965.45560882247	2.50486405596917
1967.05926229045	2.46179095598496
1968.66291575844	2.50036618780898
1970.26656922642	2.62163427735051
1971.87022269441	2.81507850703971
1973.4738761624	3.57937974447191
1975.07752963038	4.83857010253588
1976.68118309837	6.59315742155177
1978.28483656635	7.36864338601054
1979.88849003434	6.15055973074936
1981.49214350233	4.70390344834111
1983.09579697031	3.48246377874037
1984.6994504383	2.57548565987162
1986.30310390629	2.13549695892218
1987.90675737427	1.64282742440147
1989.51041084226	1.47113147877941
1991.11406431024	1.3490135089255
1992.71771777823	1.89695681191359
1994.32137124622	6.85327545295971
1995.9250247142	21.3693002724977
1997.52867818219	25.8778617642276
1999.13233165017	22.3105242654565
2000.73598511816	11.2088956834034
2002.33963858615	4.66247998736848
2003.94329205413	1.91034591753331
2005.54694552212	1.90032913002456
2007.1505989901	1.36806998411933
2008.75425245809	1.24826221038932
2010.35790592608	1.05327742047129
2011.96155939406	1.23647735280305
2013.56521286205	1.58028342002426
2015.16886633003	1.83830203635679
2016.77251979802	1.70870427782697
2018.37617326601	1.81770930906717
