time	distance
1735.48211524021	0
1736.90059466401	0
1738.31907408781	0
1739.73755351161	0
1741.15603293541	0
1742.5745123592	0
1743.992991783	0
1745.4114712068	0
1746.8299506306	0
1748.2484300544	0
1749.6669094782	0
1751.085388902	0
1752.5038683258	0
1753.9223477496	0
1755.3408271734	0
1756.75930659719	0
1758.17778602099	0
1759.59626544479	0
1761.01474486859	0
1762.43322429239	0
1763.85170371619	0
1765.27018313999	0
1766.68866256379	0
1768.10714198759	0
1769.52562141138	0
1770.94410083518	0
1772.36258025898	0
1773.78105968278	0
1775.19953910658	0
1776.61801853038	0
1778.03649795418	0
1779.45497737798	0
1780.87345680178	0
1782.29193622558	0
1783.71041564937	0
1785.12889507317	0
1786.54737449697	0
1787.96585392077	0
1789.38433334457	0
1790.80281276837	0
1792.22129219217	0.00317234100357568
1793.63977161597	0.0839383589193147
1795.05825103977	0.187194906874935
1796.47673046356	0.260619264137807
1797.89520988736	0.355321885118508
1799.31368931116	0.442755788470494
1800.73216873496	0.541157301107703
1802.15064815876	0.612163496811066
1803.56912758256	0.702854697301835
1804.98760700636	0.812148100677852
1806.40608643016	0.936821023069284
1807.82456585396	1.06572125413478
1809.24304527776	1.22030290228232
1810.66152470155	1.35418388916402
1812.08000412535	1.45672919679307
1813.49848354915	1.64694077744493
1814.91696297295	1.81049690822833
1816.33544239675	1.99367642798156
1817.75392182055	2.17681214668556
1819.17240124435	2.31176867180104
1820.59088066815	2.49955285762523
1822.00936009195	2.68772118845242
1823.42783951575	2.91265173200855
1824.84631893954	3.14751060858516
1826.26479836334	3.48516042560693
1827.68327778714	3.77954652732558
1829.10175721094	4.06718322717191
1830.52023663474	4.52503328374114
1831.93871605854	5.10270384446268
1833.35719548234	5.67573672623914
1834.77567490614	6.56099917608338
1836.19415432994	7.57213018856459
1837.61263375373	8.64173338371146
1839.03111317753	9.5800459538461
1840.44959260133	10.910146013622
1841.86807202513	12.2592688300827
1843.28655144893	14.4584424007281
1844.70503087273	16.8549823013877
1846.12351029653	19.259869536387
1847.54198972033	22.5306088073787
1848.96046914413	25.114596503236
1850.37894856793	28.2119072565594
1851.79742799172	31.4664973145351
1853.21590741552	35.2052405561351
1854.63438683932	39.3787586728004
1856.05286626312	43.5445161783099
1857.47134568692	47.1604093413699
1858.88982511072	51.0269738663837
1860.30830453452	55.7226080752113
1861.72678395832	59.2413625970431
1863.14526338212	63.3957450859536
1864.56374280591	67.7227729306825
1865.98222222971	71.7337763683574
1867.40070165351	75.4451863639268
1868.81918107731	79.2595916888281
1870.23766050111	83.3991531399066
1871.65613992491	87.9303333695953
1873.07461934871	92.0249841625676
1874.49309877251	96.133268319525
1875.91157819631	100.811631623999
1877.3300576201	105.211392902568
1878.7485370439	109.558073760655
1880.1670164677	113.570401872906
1881.5854958915	116.673927477136
1883.0039753153	118.9858023127
1884.4224547391	121.103261636885
1885.8409341629	122.650648014585
1887.2594135867	124.207313496706
1888.6778930105	125.263924236755
1890.0963724343	126.607487766657
1891.51485185809	127.192994504232
1892.93333128189	127.813472578839
1894.35181070569	128.413057663576
1895.77029012949	129.064916508337
1897.18876955329	129.809476966014
1898.60724897709	130.271135108812
1900.02572840089	130.548334749696
1901.44420782469	130.778613944498
1902.86268724849	131.132584910176
1904.28116667229	131.262679317366
1905.69964609608	131.49658959721
1907.11812551988	131.790908268354
1908.53660494368	132.026112324811
1909.95508436748	132.450197739038
1911.37356379128	132.615253873909
1912.79204321508	132.934664673504
1914.21052263888	133.127983088072
1915.62900206268	133.292400278034
1917.04748148648	133.437158656581
1918.46596091027	133.551744817097
1919.88444033407	134.019596784803
1921.30291975787	134.319947113895
1922.72139918167	134.467807536534
1924.13987860547	134.810515593018
1925.55835802927	135.257124094475
1926.97683745307	135.921025339726
1928.39531687687	136.735154480306
1929.81379630067	137.727090929846
1931.23227572447	139.339595852674
1932.65075514826	141.325944855842
1934.06923457206	143.608097398828
1935.48771399586	147.656328634642
1936.90619341966	153.965849433399
1938.32467284346	162.975914130933
1939.74315226726	174.211678847671
1941.16163169106	187.405741173878
1942.58011111486	198.599999954979
1943.99859053866	216.954561963862
1945.41706996245	265.43642067223
1946.83554938625	365.099660209133
1948.25402881005	464.49545571725
1949.67250823385	570.032943825245
1951.09098765765	668.088706837026
1952.50946708145	708.602307782492
1953.92794650525	714.577488513479
1955.34642592905	717.409409600597
1956.76490535285	718.933421387783
1958.18338477665	720.473925088105
1959.60186420044	720.983805306885
1961.02034362424	722.071974463726
1962.43882304804	722.275663465542
1963.85730247184	722.367280404521
1965.27578189564	722.409455709001
1966.69426131944	722.434628246965
1968.11274074324	722.459817958852
1969.53122016704	722.538486865599
1970.94969959084	722.58664566033
1972.36817901463	722.6349512318
1973.78665843843	722.67431831366
1975.20513786223	722.708507742193
1976.62361728603	722.742697290532
1978.04209670983	722.776886758998
1979.46057613363	722.836660322403
1980.87905555743	723.065499535659
1982.29753498123	723.308767070855
1983.71601440503	723.687006954881
1985.13449382883	723.980133013538
1986.55297325262	724.98070101962
1987.97145267642	727.246188950568
1989.38993210022	730.562434662994
1990.80841152402	736.438484468712
1992.22689094782	744.304362358382
1993.64537037162	755.54262163462
1995.06384979542	767.943840231508
1996.48232921922	780.515322434693
1997.90080864302	793.73342032936
1999.31928806681	807.217118149026
2000.73776749061	820.73100493333
2002.15624691441	834.13789651322
2003.57472633821	847.198881017299
2004.99320576201	860.272374095128
2006.41168518581	873.340962337685
2007.83016460961	886.308775830486
2009.24864403341	899.097623855845
2010.66712345721	912.155466494454
2012.08560288101	924.994327367336
2013.5040823048	937.897860844507
2014.9225617286	951.223974388426
2016.3410411524	951.223974388426
2017.7595205762	951.223974388426
2019.178	951.223974388426
