time	95%HPD_lower_value	95%HPD_higher_value
1588.60725279588	0.154905367977916	0.154905367977916
1590.76513136531	NA	NA
1592.92300993474	NA	NA
1595.08088850417	NA	NA
1597.2387670736	NA	NA
1599.39664564303	NA	NA
1601.55452421246	0.213828432826023	0.213828432826023
1603.71240278189	0.213827508998498	0.213827508998498
1605.87028135132	NA	NA
1608.02815992075	NA	NA
1610.18603849018	NA	NA
1612.34391705961	NA	NA
1614.50179562904	0.0452164478576568	0.0452164478576568
1616.65967419847	0.0452187618609078	0.0452187618609078
1618.8175527679	0.0452187750614129	0.0452187750614129
1620.97543133733	0.0589559458711524	0.0589559458711524
1623.13330990676	0.058955799295864	0.058955799295864
1625.29118847619	0.0589558359355004	0.0589558359355004
1627.44906704562	0.00517595301778515	0.388216406235648
1629.60694561505	0.00517648485912151	0.388213692717946
1631.76482418449	0.0118792016681601	0.398548658101454
1633.92270275392	0.0689571372630566	0.154572770920463
1636.08058132335	0.477753872192963	0.477753872192963
1638.23845989278	0.0062810885893646	0.470816483512198
1640.39633846221	0.00487386502575261	0.553372815577657
1642.55421703164	0.0052082371362722	0.507444374403125
1644.71209560107	0.00544622269273987	0.495441396376327
1646.8699741705	0.0104840159883496	0.534301350421554
1649.02785273993	0.00912134616234198	0.522886014560059
1651.18573130936	0.00691302906426064	0.471132534210584
1653.34360987879	0.00833055140171138	0.597443704132042
1655.50148844822	0.00757837209317135	0.867984764812642
1657.65936701765	0.00986870540066816	0.868001643070142
1659.81724558708	0.00680396088032159	0.593674252437923
1661.97512415651	0.00658979689602669	0.673752001003574
1664.13300272594	0.00597997845172123	0.546213926256976
1666.29088129537	0.00591324978670229	0.542552211026078
1668.4487598648	0.00464678457168712	0.548187070264266
1670.60663843423	0.00512502730900916	0.742676603617743
1672.76451700366	0.00527818190741483	0.7291616660211
1674.9223955731	0.00515672576260108	0.620132234509919
1677.08027414253	0.00612710748669497	0.664726763962552
1679.23815271196	0.00545589033505138	0.653319469985195
1681.39603128139	0.00456239394796395	0.647156944350494
1683.55390985082	0.00688874497431303	0.914743184822445
1685.71178842025	0.00309980136607565	0.905687005927489
1687.86966698968	0.00326986988180835	0.699917488307291
1690.02754555911	0.00396767137097684	0.685603436230845
1692.18542412854	0.00716522484464774	0.685730747448858
1694.34330269797	0.00527481807237676	0.680592990903089
1696.5011812674	0.00532269034734729	0.711718736684837
1698.65905983683	0.00490891364850745	1.00400741646972
1700.81693840626	0.00587403111597226	1.03505725305837
1702.97481697569	0.00427034290322651	0.809582638284145
1705.13269554512	0.0050765696354317	0.840916364378683
1707.29057411455	0.00572440739098555	0.930863211984052
1709.44845268398	0.00589155011830546	0.91401667122147
1711.60633125341	0.00833643465518181	0.879582734638649
1713.76420982284	0.00788882564757206	0.755279396160858
1715.92208839227	0.0067798492804741	0.775185451153205
1718.07996696171	0.00841682642636907	0.884930628376261
1720.23784553114	0.00723225655682948	0.884481777820673
1722.39572410057	0.00716465497448586	0.749685481713488
1724.55360267	0.00773361134963802	0.611951399899874
1726.71148123943	0.0108326336329946	0.655542082832653
1728.86935980886	0.00916970406368045	0.670683635294685
1731.02723837829	0.00849317172318799	0.556975338050049
1733.18511694772	0.0104708378363377	0.837913148717496
1735.34299551715	0.0170730157924783	0.837912514870751
1737.50087408658	0.00850998815068341	0.315853144935469
1739.65875265601	0.00681802636487825	0.345031262792238
1741.81663122544	0.0109564886873017	0.393640769445604
1743.97450979487	0.0120696319037517	0.399793095676493
1746.1323883643	0.0350117836770471	0.399902892937586
1748.29026693373	0.010846177535317	0.388763872297011
1750.44814550316	0.0116267528814771	0.373871223109154
1752.60602407259	0.351725544528661	0.461482937086626
1754.76390264202	0.352132081799621	0.461889205811566
1756.92178121145	0.322199494156718	0.322199494156718
1759.07965978088	0.3230003199635	0.357732147390253
1761.23753835032	0.310297669151106	0.366250052254723
1763.39541691975	0.310968889210024	0.6335836205829
1765.55329548918	0.376035830855688	0.646928181640509
1767.71117405861	0.330152167074121	0.625469923541954
1769.86905262804	0.329484181415682	0.66522055031532
1772.02693119747	0.315635690305164	0.637117927394643
1774.1848097669	0.312689646517519	0.656061328070342
1776.34268833633	0.180613225136647	1.99142545004822
1778.50056690576	0.0776591106069429	1.99144907735451
1780.65844547519	0.0690848633268904	4.47634180524135
1782.81632404462	0.0338992830678215	3.89028806206272
1784.97420261405	0.0332758229474457	4.08588938803245
1787.13208118348	0.284434886163533	2.34596021433476
1789.28995975291	0.113300570470872	1.43622019892264
1791.44783832234	0.0564269074576308	2.69645715349731
1793.60571689177	0.0561814773261835	7.70904939793381
1795.7635954612	0.214509272606429	7.16533253730077
1797.92147403063	0.334278807274142	6.59678246371349
1800.07935260006	0.0536838126377902	6.67685882668341
1802.23723116949	0.0343906598762589	6.76344206177474
1804.39510973893	0.0311519350827586	6.99205216339849
1806.55298830836	0.0737985076784496	10.2981373312736
1808.71086687779	0.0402182095680775	7.46672868454437
1810.86874544722	0.0260812421248134	7.4059688887497
1813.02662401665	0.0261977370639019	7.41947696890325
1815.18450258608	0.0360077704182282	7.23088058137387
1817.34238115551	0.0577796274295738	7.79777067546684
1819.50025972494	0.0347821159660124	9.13227011503254
1821.65813829437	0.0323910355448289	9.0049769142789
1823.8160168638	0.0334144734825797	10.4049614449093
1825.97389543323	0.0383426444806657	11.737550960335
1828.13177400266	0.0319000874003913	10.5352805513572
1830.28965257209	0.0274664544496667	11.2129190983621
1832.44753114152	0.0287097731170629	11.3439359421495
1834.60540971095	0.0366672054564239	10.3476397629211
1836.76328828038	0.0377042829545164	11.475863404465
1838.92116684981	0.0455467379383567	11.571066219609
1841.07904541924	0.0275755594161804	9.75294471801066
1843.23692398867	0.0245716789786022	8.82486556746415
1845.3948025581	0.0444042457214425	8.26439138256559
1847.55268112754	0.0229356124415926	7.82829778599929
1849.71055969697	0.0394968991569486	7.74431038650524
1851.8684382664	0.0168542427558479	6.70653714329332
1854.02631683583	0.0151533762880959	6.68959055301752
1856.18419540526	0.016181149093101	5.33206395483394
1858.34207397469	0.0170293546819171	4.64276292280002
1860.49995254412	0.0207839146714836	4.44936297192928
1862.65783111355	0.0169533989781908	4.10096799561418
1864.81570968298	0.0191279202391409	2.59998660637739
1866.97358825241	0.0174339511151138	1.98367870331658
1869.13146682184	0.0133186466584025	1.88362987532889
1871.28934539127	0.0128346350021707	1.61107259546235
1873.4472239607	0.0144983566003178	1.6438873244776
1875.60510253013	0.0143644428791339	1.88890477427806
1877.76298109956	0.0150704469365577	2.02757484483231
1879.92085966899	0.0171325803534757	1.67596310531312
1882.07873823842	0.0180112285743146	1.83874552197579
1884.23661680785	0.0167832180182292	1.88977827394225
1886.39449537728	0.0161092433350751	1.8458769813317
1888.55237394671	0.0181924862996834	1.72241899307917
1890.71025251615	0.0192590564890248	1.74322954302962
1892.86813108558	0.0247893335073614	1.83640778158061
1895.02600965501	0.0341040514098061	1.88168014438707
1897.18388822444	0.0759130255182093	1.88032486494955
1899.34176679387	0.0786192777416798	1.76692394180568
1901.4996453633	0.101472183379913	2.14161065696097
1903.65752393273	0.0790185546505862	2.1425021713475
1905.81540250216	0.0608061807577006	3.09419535742252
1907.97328107159	0.0738358316103325	4.6379094560065
1910.13115964102	0.0539246125169208	6.53519100208999
1912.28903821045	0.045024082951196	5.96697041279619
1914.44691677988	0.028350889086411	6.52608881746424
1916.60479534931	0.0224989179266068	6.68705486344805
1918.76267391874	0.0288425911919625	7.190778155844
1920.92055248817	0.041005025931127	7.32890437868062
1923.0784310576	0.0286522663643195	6.77079396481778
1925.23630962703	0.0398771247935183	7.96891587222371
1927.39418819646	0.036670177080883	7.84695482696007
1929.55206676589	0.0471350304089244	8.35517016522822
1931.70994533532	0.0525206336928479	8.33034059172474
1933.86782390476	0.0554083076353755	8.83023349530759
1936.02570247419	0.100082627361959	7.69900332252561
1938.18358104362	0.113237007272357	7.74943021458444
1940.34145961305	0.10750430912496	7.17118721715305
1942.49933818248	0.111201309234074	5.35096760104263
1944.65721675191	0.129644912361181	4.4490962753628
1946.81509532134	0.162222824226923	3.67995283253865
1948.97297389077	0.215365612611513	3.68646105358382
1951.1308524602	0.17817988549218	3.2265925328633
1953.28873102963	0.0415647698850615	3.32530387524297
1955.44660959906	0.042657972765936	3.4063735726896
1957.60448816849	0.0308636180792278	3.96644335731724
1959.76236673792	0.0233516931476317	3.68415792356251
1961.92024530735	0.0216663777367726	3.93839023490954
1964.07812387678	0.02276974018743	4.30547733640157
1966.23600244621	0.0222981335647229	4.56059079819353
1968.39388101564	0.0259959044063207	4.84073898786173
1970.55175958507	0.0353734140087371	4.48068106668123
1972.7096381545	0.0311441613075731	4.00474042092664
1974.86751672393	0.0304387223507039	2.25306446596741
1977.02539529337	0.036754923728982	1.79509354820618
1979.1832738628	0.028860723041111	1.98350011571393
1981.34115243223	0.0689479263442088	1.84455827520342
1983.49903100166	0.0982686144585155	1.95656940719111
1985.65690957109	0.125716426556137	2.83789219442087
1987.81478814052	0.404920051943894	3.65782249319077
1989.97266670995	0.295864907045222	5.52465674111594
1992.13054527938	0.0425782906884002	8.28106705196751
1994.28842384881	0.0691899463303542	30.0172479830165
1996.44630241824	1.85614147595868	38.3923754263584
1998.60418098767	1.74923266946583	36.8203156838656
2000.7620595571	1.57079913721127	12.2896957394257
2002.91993812653	0.0397091786318845	9.79428443401117
2005.07781669596	0.753895881466282	8.69195669985896
2007.23569526539	1.29689068481103	5.90636772259781
2009.39357383482	0.989806533264152	3.67479176337247
2011.55145240425	0.410510550389342	1.83846063797746
2013.70933097368	0.840835653723676	1.25548320933377
2015.86720954311	0.893270261165608	1.33536179942447
2018.02508811254	1.0966166123367	1.73042511068777
