time	95%HPD_lower_value	95%HPD_higher_value
1646.47102729198	1.07092412828138	1.07092412828138
1648.33833953235	NA	NA
1650.20565177272	NA	NA
1652.07296401309	NA	NA
1653.94027625347	NA	NA
1655.80758849384	NA	NA
1657.67490073421	NA	NA
1659.54221297459	NA	NA
1661.40952521496	NA	NA
1663.27683745533	NA	NA
1665.1441496957	NA	NA
1667.01146193608	NA	NA
1668.87877417645	NA	NA
1670.74608641682	NA	NA
1672.6133986572	NA	NA
1674.48071089757	NA	NA
1676.34802313794	3.95478387730793	3.95478387730793
1678.21533537831	3.95499778403525	3.95499778403525
1680.08264761869	2.98785530774528	3.9304026133213
1681.94995985906	1.56723162252944	2.92743979211231
1683.81727209943	0.185062806917111	2.14946244418284
1685.68458433981	0.185282279193595	2.1495205959975
1687.55189658018	0.174940585252168	2.123562732361
1689.41920882055	1.10466531213017	3.31408409293205
1691.28652106092	1.13417610333465	3.34370495674533
1693.1538333013	2.5694996550579	2.86336834265326
1695.02114554167	1.1511726290037	2.85838536678686
1696.88845778204	1.01002988317845	4.26489906731995
1698.75577002241	0.98458750183511	4.93009461738617
1700.62308226279	0.860275465382357	4.87971111721772
1702.49039450316	0.407144395415412	5.4867769010712
1704.35770674353	0.105566463880695	5.79341105962691
1706.22501898391	0.0637218587261046	5.77847043741367
1708.09233122428	0.0313438147467011	4.95516327691666
1709.95964346465	0.398453547775476	4.36463000354109
1711.82695570502	0.110486699155136	4.78707478849565
1713.6942679454	0.304870374302211	5.38307574348754
1715.56158018577	0.0690701797581215	5.25744298080886
1717.42889242614	0.288799441961883	4.86464569067829
1719.29620466652	0.0291677033024849	4.82806744677841
1721.16351690689	0.018415383703027	5.35467145534988
1723.03082914726	0.0230254229350443	5.4101130814643
1724.89814138763	0.0161881765894854	6.05238423477703
1726.76545362801	0.0183132528829814	5.58602155472901
1728.63276586838	0.0279101436430174	6.1981913778722
1730.50007810875	0.0234199318259384	6.01369334071562
1732.36739034913	0.0250861212967704	6.00105209890587
1734.2347025895	0.0330045549822241	7.81937321836117
1736.10201482987	0.038221852296304	7.74455304230689
1737.96932707024	0.125728297308312	7.04628297409993
1739.83663931062	0.737137762321272	7.24842710394566
1741.70395155099	0.793408809588787	8.16326386263289
1743.57126379136	0.0185310478533134	8.2518152759535
1745.43857603173	0.0288196306947131	8.24786275022642
1747.30588827211	0.0273756783367453	6.42610007147159
1749.17320051248	0.0165157432620637	7.37920784013067
1751.04051275285	0.015959150443316	9.29073145161434
1752.90782499323	0.0150791666267054	9.27219908091398
1754.7751372336	0.0506444394010934	10.9865741388178
1756.64244947397	0.0891885931742903	16.0844958906187
1758.50976171434	0.0752422580061652	10.7435314807181
1760.37707395472	0.26635287656885	10.6373093577588
1762.24438619509	0.0643801392983413	13.5416640737824
1764.11169843546	0.135343309722184	12.5112924292964
1765.97901067584	0.184833011016146	10.4552223621996
1767.84632291621	0.1194614953689	16.3756475414528
1769.71363515658	0.0486487809883084	14.2632764381939
1771.58094739695	0.0494342822774207	14.1708749685929
1773.44825963733	0.0419823797926541	13.2478383743139
1775.3155718777	0.0610239957734603	20.4675428918368
1777.18288411807	0.139794653084487	24.5039660507405
1779.05019635845	0.0996588245908078	24.2996975858938
1780.91750859882	0.0757506072947151	16.4316717440175
1782.78482083919	0.0765754983174265	20.1902318341446
1784.65213307956	0.0962974950135703	22.6146517711276
1786.51944531994	0.132862262472728	19.4578583482682
1788.38675756031	0.147818400351853	24.826159373647
1790.25406980068	0.101173107318523	21.6677444219396
1792.12138204105	0.0927090039294045	21.6458708429071
1793.98869428143	0.134103509530204	22.2627585801687
1795.8560065218	0.157806139321268	23.1823133077919
1797.72331876217	0.160217589210437	27.1121250909092
1799.59063100255	0.0639650440520436	27.9327304420767
1801.45794324292	0.0666897302684401	21.2468206840754
1803.32525548329	0.102779548339904	21.2018818861311
1805.19256772366	0.190594775051415	20.3130186123482
1807.05987996404	0.221358879358462	18.132482235375
1808.92719220441	0.344796869190329	16.9330785075904
1810.79450444478	0.212041644614569	19.5956894423619
1812.66181668516	0.250306611221438	17.9794062962294
1814.52912892553	0.0657756636556422	17.0861021877258
1816.3964411659	0.113871575567553	18.5881130582465
1818.26375340627	0.19263712879796	12.5441966496233
1820.13106564665	0.390148133023351	12.9289121842945
1821.99837788702	0.219221522139528	14.2932537356165
1823.86569012739	0.0982989831185314	17.9533350294645
1825.73300236777	0.132809282413045	17.2171625095901
1827.60031460814	0.493834549131154	20.8073767755219
1829.46762684851	0.422570099067536	13.5267121678848
1831.33493908888	0.167122395664907	19.6958477119621
1833.20225132926	0.343118453503267	20.2357240310984
1835.06956356963	0.0855561475056146	18.7354420904611
1836.93687581	0.0499963181517372	7.7646123061926
1838.80418805037	0.0519440579655536	13.9604301206207
1840.67150029075	0.0663950154631949	22.9976494935878
1842.53881253112	0.0878189825328082	30.6465639608098
1844.40612477149	0.0437592283452013	25.3236040498321
1846.27343701187	0.027490041646072	18.6229227799389
1848.14074925224	0.0245220317992127	24.4201570925404
1850.00806149261	0.0176550199006603	19.9249038756014
1851.87537373298	0.0181996549361773	13.6331442690744
1853.74268597336	0.0260045632695459	18.7931975251952
1855.60999821373	0.0276788448521626	21.5556582214164
1857.4773104541	0.0299578504379377	16.8413867392645
1859.34462269448	0.0271665517732531	15.948263647425
1861.21193493485	0.0430280629092638	14.4238045824742
1863.07924717522	0.0400217716649509	19.4816942472306
1864.94655941559	0.0285596488991798	16.0673906441208
1866.81387165597	0.0356021845596758	13.9906725707513
1868.68118389634	0.0497002315741717	8.29147542992352
1870.54849613671	0.0581497459946304	11.6714076393405
1872.41580837709	0.038666818377921	13.7239848439726
1874.28312061746	0.0468756433957346	14.9702787974315
1876.15043285783	0.0427053463011891	15.954736576311
1878.0177450982	0.0368744594716988	13.022034946202
1879.88505733858	0.0380804541761861	13.7437824153212
1881.75236957895	0.0428152349774758	12.9402507507264
1883.61968181932	0.0354894569174405	10.606725368095
1885.48699405969	0.0249331860896229	11.502029713661
1887.35430630007	0.0240583371743705	12.2044378511161
1889.22161854044	0.0193314735647152	11.7715315085527
1891.08893078081	0.0300237652888302	11.2511477951455
1892.95624302119	0.0227986009456167	10.4678466590932
1894.82355526156	0.0299709109776385	12.5277348130266
1896.69086750193	0.0237708972893366	10.3861101604995
1898.5581797423	0.0170530702396458	11.0438070628416
1900.42549198268	0.0197189173346799	10.2793274398492
1902.29280422305	0.0174789446373109	10.3332237705239
1904.16011646342	0.0141314056815842	9.66713243327844
1906.0274287038	0.011285805808438	9.78278688865992
1907.89474094417	0.00884915111470346	9.22306638144279
1909.76205318454	0.00914592578524838	8.79081712721101
1911.62936542491	0.0100097647104238	8.53306322725517
1913.49667766529	0.0085445809026614	7.45686106582885
1915.36398990566	0.00900102190371452	6.89890399635037
1917.23130214603	0.010173791086552	6.07675686977497
1919.09861438641	0.00800863154443091	4.15876174685585
1920.96592662678	0.00962125985541066	3.14013864451862
1922.83323886715	0.0096509403931173	2.93308179572243
1924.70055110752	0.010688029118144	2.0843252041526
1926.5678633479	0.0124085202702256	2.27262624748548
1928.43517558827	0.0111555229576447	1.75068751268632
1930.30248782864	0.0116887104528527	2.02820134867303
1932.16980006901	0.0124863176748987	1.78125254434065
1934.03711230939	0.0134852692556103	2.05064203565362
1935.90442454976	0.0183723351494323	1.49364913601272
1937.77173679013	0.0192966035952331	1.63291087940461
1939.63904903051	0.0234436122794813	1.73852926734683
1941.50636127088	0.0254719230173637	2.40827791655173
1943.37367351125	0.0322856709170344	2.9315709509689
1945.24098575162	0.0450003782385708	3.25520367465656
1947.108297992	0.0656877108703576	3.26437929313384
1948.97561023237	0.0943616079680157	3.38025383467245
1950.84292247274	0.0893994083793173	3.31270542150984
1952.71023471312	0.0588975588075401	3.16387715051351
1954.57754695349	0.047533468163574	2.78413161657855
1956.44485919386	0.042649631322071	1.76359381259807
1958.31217143423	0.0510223946149152	1.20261478424758
1960.17948367461	0.0575715211330786	1.41992412406828
1962.04679591498	0.0928723701543298	1.56892554001965
1963.91410815535	0.144162507877193	1.43371067099316
1965.78142039573	0.0915783747291826	1.37791381158727
1967.6487326361	0.089941860421542	1.43441818893136
1969.51604487647	0.0743030951185165	1.49063818748141
1971.38335711684	0.102970975191335	1.47029479366506
1973.25066935722	0.158777962201645	1.60026493160402
1975.11798159759	0.193907222638653	1.53099369370272
1976.98529383796	0.232547909340777	1.44391802042224
1978.85260607833	0.278619175597199	1.51651146896895
1980.71991831871	0.262111894495717	1.41435463360623
1982.58723055908	0.218896526533364	1.27725588977856
1984.45454279945	0.183728298002372	1.15393853562414
1986.32185503983	0.156738436715249	1.17361402998011
1988.1891672802	0.166242116234465	1.08223629922251
1990.05647952057	0.140139245700437	1.05110772721435
1991.92379176094	0.196265600484989	1.00120766389359
1993.79110400132	0.283013398478925	0.964920103629124
1995.65841624169	0.362733718077251	0.879206851748524
1997.52572848206	0.364672995669723	0.909845430972357
1999.39304072244	0.353521441275709	1.08932958944001
2001.26035296281	0.364994474495633	1.04783280472
2003.12766520318	0.463194710598501	1.13171317490172
2004.99497744355	0.344393188230473	1.64257201246273
2006.86228968393	0.382853837206919	1.96896939155777
2008.7296019243	0.733382367134498	1.77161694811655
2010.59691416467	1.50617540776313	2.05267377629281
2012.46422640505	1.13356667016973	1.39360993390677
2014.33153864542	1.08995114742678	2.08547505104482
2016.19885088579	0.124128131688438	0.981568995765814
2018.06616312616	0.108206358644079	0.18645354696282
