time	distance
1645.53737117179	0
1647.40468341216	0.00393736120710783
1649.27199565254	0.00787463733803577
1651.13930789291	0.0118118280499989
1653.00662013328	0.0157489330044337
1654.87393237365	0.0196859518599427
1656.74124461403	0.0236228842772647
1658.6085568544	0.0275597299149039
1660.47586909477	0.0314964884323392
1662.34318133515	0.0354331594891808
1664.21049357552	0.0393697427442597
1666.07780581589	0.0433062378575073
1667.94511805626	0.0472426444879319
1669.81243029664	0.051178962294999
1671.67974253701	0.0551151909379456
1673.54705477738	0.059051330075674
1675.41436701775	0.0629873793677608
1677.28167925813	0.0669233384732202
1679.1489914985	0.0742438336728388
1681.01630373887	0.0929112153331674
1682.88361597925	0.121362119935043
1684.75092821962	0.151820850124273
1686.61824045999	0.192825792108593
1688.48555270036	0.240030916019156
1690.35286494074	0.288830117823937
1692.22017718111	0.350765904561395
1694.08748942148	0.418401562462151
1695.95480166186	0.511439988994831
1697.82211390223	0.635585675160233
1699.6894261426	0.808449212257469
1701.55673838297	1.04894728310371
1703.42405062335	1.35101845887865
1705.29136286372	1.70506502818843
1707.15867510409	2.1557500533901
1709.02598734447	2.70415413912222
1710.89329958484	3.34395949226369
1712.76061182521	4.0956610530165
1714.62792406558	4.99047569726274
1716.49523630596	6.04674287353365
1718.36254854633	7.235873590942
1720.2298607867	8.61456817201621
1722.09717302707	10.2261541769192
1723.96448526745	12.1102208382951
1725.83179750782	14.1715762965331
1727.69910974819	16.6039218149561
1729.56642198857	19.3751184671705
1731.43373422894	22.4761858526178
1733.30104646931	25.9329101756652
1735.16835870968	29.8052917668793
1737.03567095006	34.1918800116918
1738.90298319043	39.0563976419923
1740.7702954308	44.3618408585493
1742.63760767118	50.0373213043327
1744.50491991155	56.1420895602383
1746.37223215192	62.6380202377737
1748.23954439229	69.5164559678839
1750.10685663267	76.801451793204
1751.97416887304	84.5283100403877
1753.84148111341	92.6814978592648
1755.70879335379	101.232544076791
1757.57610559416	110.281964713258
1759.44341783453	119.59349534503
1761.3107300749	129.186865674896
1763.17804231528	139.00559711016
1765.04535455565	148.909111937951
1766.91266679602	159.081035671822
1768.77997903639	169.476127522958
1770.64729127677	179.869659537301
1772.51460351714	190.21855207354
1774.38191575751	200.582082683146
1776.24922799789	211.036642298849
1778.11654023826	221.513608546591
1779.98385247863	232.068973013019
1781.851164719	242.545477619872
1783.71847695938	252.953945289236
1785.58578919975	263.494368027216
1787.45310144012	273.704674881374
1789.3204136805	283.955105591474
1791.18772592087	293.676114669909
1793.05503816124	302.829517913733
1794.92235040161	311.938705841573
1796.78966264199	320.981572357719
1798.65697488236	330.109517488345
1800.52428712273	339.047816663985
1802.39159936311	347.890375115556
1804.25891160348	355.553828616794
1806.12622384385	362.623795337897
1807.99353608422	369.306790253281
1809.8608483246	375.666740216708
1811.72816056497	381.94300968362
1813.59547280534	387.85777224739
1815.46278504571	393.449123094309
1817.33009728609	398.829404971652
1819.19740952646	404.057736262944
1821.06472176683	409.086919093791
1822.93203400721	414.298616865011
1824.79934624758	419.346436778969
1826.66665848795	424.414905541746
1828.53397072832	429.428418897531
1830.4012829687	434.425436381428
1832.26859520907	439.418113694054
1834.13590744944	444.429720415673
1836.00321968982	449.4369019851
1837.87053193019	454.362888848791
1839.73784417056	459.298604739154
1841.60515641093	464.268277987947
1843.47246865131	469.309985535867
1845.33978089168	474.572225390493
1847.20709313205	479.699505326796
1849.07440537243	484.898716853874
1850.9417176128	490.040003580696
1852.80902985317	495.154546072657
1854.67634209354	500.173438870146
1856.54365433392	505.485486827656
1858.41096657429	510.592336277207
1860.27827881466	515.861864858004
1862.14559105503	521.118565619912
1864.01290329541	526.434682058045
1865.88021553578	531.798331004602
1867.74752777615	537.129110656418
1869.61484001653	542.397047252626
1871.4821522569	548.116208814495
1873.34946449727	553.935040612748
1875.21677673764	559.533223061856
1877.08408897802	565.064240868511
1878.95140121839	570.665542809742
1880.81871345876	576.350489591465
1882.68602569914	581.938947184772
1884.55333793951	587.369483425007
1886.42065017988	592.772814680494
1888.28796242025	598.115941896256
1890.15527466063	603.697540021739
1892.022586901	608.958513956266
1893.88989914137	614.287473736486
1895.75721138175	619.51238017381
1897.62452362212	624.868186944261
1899.49183586249	629.556962242857
1901.35914810286	633.638754044379
1903.22646034324	637.550061360921
1905.09377258361	641.570583726247
1906.96108482398	645.565713538255
1908.82839706435	649.457286501347
1910.69570930473	652.771315421094
1912.5630215451	655.868848323607
1914.43033378547	658.678874049868
1916.29764602585	661.157273358826
1918.16495826622	663.571673755867
1920.03227050659	665.927813403456
1921.89958274696	668.281914561161
1923.76689498734	670.6768359353
1925.63420722771	673.107423195369
1927.50151946808	675.545903959601
1929.36883170846	678.004480247611
1931.23614394883	680.480413223242
1933.1034561892	683.003119454489
1934.97076842957	685.609965569721
1936.83808066995	688.262072742414
1938.70539291032	691.041520227572
1940.57270515069	693.987058587603
1942.44001739107	697.086322346656
1944.30732963144	700.382931795824
1946.17464187181	703.935015118702
1948.04195411218	707.760367744507
1949.90926635256	711.69163829736
1951.77657859293	715.772705733464
1953.6438908333	719.97593984834
1955.51120307367	724.106077350705
1957.37851531405	728.157992267289
1959.24582755442	732.292366365093
1961.11313979479	736.512824448609
1962.98045203517	740.846949987827
1964.84776427554	745.1817675128
1966.71507651591	749.435587163764
1968.58238875628	753.563914293962
1970.44970099666	757.37507322264
1972.31701323703	760.84012146757
1974.1843254774	763.841872512392
1976.05163771778	766.214959123303
1977.91894995815	767.911435915297
1979.78626219852	769.148232835579
1981.65357443889	770.02964037705
1983.52088667927	770.718711843799
1985.38819891964	771.315422972417
1987.25551116001	771.84115086473
1989.12282340039	772.291708044583
1990.99013564076	772.665857670387
1992.85744788113	773.022389780042
1994.7247601215	773.419460050556
1996.59207236188	773.874852973261
1998.45938460225	774.362165421361
2000.32669684262	775.005533397473
2002.19400908299	775.734984620272
2004.06132132337	776.330683584446
2005.92863356374	777.035601980756
2007.79594580411	778.072975023673
2009.66325804449	779.449003628636
2011.53057028486	781.738842280234
2013.39788252523	790.358124086963
2015.2651947656	790.441784527996
2017.13250700598	790.443464065669
2018.99981924635	790.443464065669
