time	distance
1587.52831351116	0
1589.68619208059	0
1591.84407065002	0
1594.00194921945	0
1596.15982778888	0
1598.31770635831	0
1600.47558492774	0
1602.63346349717	0
1604.7913420666	0
1606.94922063603	0
1609.10709920546	0
1611.2649777749	0
1613.42285634433	0
1615.58073491376	0
1617.73861348319	0
1619.89649205262	0
1622.05437062205	0
1624.21224919148	0
1626.37012776091	0
1628.52800633034	0
1630.68588489977	0
1632.8437634692	0
1635.00164203863	0
1637.15952060806	0
1639.31739917749	0
1641.47527774692	0
1643.63315631635	0
1645.79103488578	0
1647.94891345521	0
1650.10679202464	0
1652.26467059407	0
1654.42254916351	0
1656.58042773294	0
1658.73830630237	0
1660.8961848718	0
1663.05406344123	0
1665.21194201066	0
1667.36982058009	0
1669.52769914952	0
1671.68557771895	0
1673.84345628838	0
1676.00133485781	0
1678.15921342724	0
1680.31709199667	0
1682.4749705661	0
1684.63284913553	0
1686.79072770496	0
1688.94860627439	0
1691.10648484382	0
1693.26436341325	0
1695.42224198268	0
1697.58012055212	0.0531809635092533
1699.73799912155	0.138833851383938
1701.89587769098	0.252191241425761
1704.05375626041	0.370552002115822
1706.21163482984	0.453220071725605
1708.36951339927	0.601808841987998
1710.5273919687	0.771824364960711
1712.68527053813	0.944613368526405
1714.84314910756	1.24094996103277
1717.00102767699	1.47633802235474
1719.15890624642	1.68806106861731
1721.31678481585	1.99849915411661
1723.47466338528	2.37862250837829
1725.63254195471	2.727492833189
1727.79042052414	2.98561158223353
1729.94829909357	3.35863453306311
1732.106177663	3.69754400849301
1734.26405623243	4.01431264646005
1736.42193480186	4.39126784951566
1738.57981337129	4.69721369655599
1740.73769194073	4.98914427281099
1742.89557051016	5.26924440416123
1745.05344907959	5.51921002206792
1747.21132764902	5.9076851313707
1749.36920621845	6.17103726582697
1751.52708478788	6.5018645360173
1753.68496335731	6.74003764983588
1755.84284192674	7.00085534087826
1758.00072049617	7.30195572344048
1760.1585990656	7.59224547114451
1762.31647763503	8.06956197195639
1764.47435620446	8.30346634361034
1766.63223477389	8.54440576034533
1768.79011334332	8.86562001739133
1770.94799191275	9.33529141140247
1773.10587048218	9.91205361881298
1775.26374905161	10.2380366177359
1777.42162762104	10.5889530489665
1779.57950619047	11.0641393942783
1781.7373847599	11.6095711414469
1783.89526332934	12.682000647986
1786.05314189877	13.1069111651752
1788.2110204682	13.5830626596322
1790.36889903763	14.5106349483356
1792.52677760706	15.0716292444469
1794.68465617649	15.8828755980219
1796.84253474592	16.9296018375082
1799.00041331535	17.8474506356045
1801.15829188478	18.9428458595171
1803.31617045421	19.9773967448372
1805.47404902364	21.4364674833515
1807.63192759307	24.1269544511648
1809.7898061625	26.3050884790528
1811.94768473193	29.6223576528911
1814.10556330136	32.8716310960623
1816.26344187079	35.5340012947142
1818.42132044022	39.0076713360092
1820.57919900965	41.7634778226954
1822.73707757908	45.782400699755
1824.89495614852	49.196859647626
1827.05283471795	53.0716990232721
1829.21071328738	57.5249961659515
1831.36859185681	62.5066872146456
1833.52647042624	67.96045711766
1835.68434899567	73.4168534808949
1837.8422275651	79.8544062422863
1840.00010613453	86.1361694796822
1842.15798470396	94.8106514434003
1844.31586327339	100.959732971124
1846.47374184282	108.105758628305
1848.63162041225	116.216118587658
1850.78949898168	122.258643148326
1852.94737755111	126.913220851149
1855.10525612054	132.897836979212
1857.26313468997	137.430478976394
1859.4210132594	140.324722640904
1861.57889182883	144.071349027376
1863.73677039826	146.849468880072
1865.89464896769	150.39830539152
1868.05252753713	154.657615152947
1870.21040610656	158.52449677204
1872.36828467599	160.68927122107
1874.52616324542	162.114442885321
1876.68404181485	164.253189606036
1878.84192038428	165.724748890672
1880.99979895371	167.249068054887
1883.15767752314	169.246145492632
1885.31555609257	170.84382456169
1887.473434662	172.312908888513
1889.63131323143	174.200909177394
1891.78919180086	176.41191761965
1893.94707037029	178.153935109966
1896.10494893972	179.802297554611
1898.26282750915	181.831152953708
1900.42070607858	183.915246497842
1902.57858464801	185.45963270244
1904.73646321744	187.904733793551
1906.89434178687	189.997457262358
1909.0522203563	191.966870201968
1911.21009892574	193.984669045828
1913.36797749517	195.966085284489
1915.5258560646	198.187094566228
1917.68373463403	200.903029226575
1919.84161320346	203.167069461154
1921.99949177289	205.900480206935
1924.15737034232	208.575996817914
1926.31524891175	211.313216884636
1928.47312748118	213.583965414284
1930.63100605061	215.838912653767
1932.78888462004	218.328610464356
1934.94676318947	220.650362804612
1937.1046417589	223.224267808877
1939.26252032833	225.457568843679
1941.42039889776	227.830509015104
1943.57827746719	230.249190065626
1945.73615603662	233.095997920737
1947.89403460605	236.154216358428
1950.05191317548	239.505981507732
1952.20979174491	242.794322188904
1954.36767031435	245.916911103457
1956.52554888378	249.192708781736
1958.68342745321	252.843958709994
1960.84130602264	256.041562609335
1962.99918459207	259.569020479726
1965.1570631615	263.098057968099
1967.31494173093	267.378636744101
1969.47282030036	271.612669388375
1971.63069886979	276.331758943839
1973.78857743922	282.255495947618
1975.94645600865	289.483214116782
1978.10433457808	298.258833488224
1980.26221314751	306.628050074784
1982.42009171694	314.630712825107
1984.57797028637	324.238764686781
1986.7358488558	334.292054795057
1988.89372742523	344.619335311588
1991.05160599466	355.041851779395
1993.20948456409	365.715118962
1995.36736313352	376.020908736841
1997.52524170296	386.207069801388
1999.68312027239	396.298259064117
2001.84099884182	407.122817263545
2003.99887741125	417.799482102423
2006.15675598068	428.349325724636
2008.31463455011	438.632134956569
2010.47251311954	448.800703387965
2012.63039168897	459.162176449432
2014.7882702584	469.246773116851
2016.94614882783	479.209748521255
2019.10402739726	479.209748521255
