time	distance
1654.73122629133	0
1656.552788927	0.0010077136371461
1658.37435156266	0.00204767407139277
1660.19591419833	0.00321858320918636
1662.017476834	0.00489163315035331
1663.83903946966	0.0065646855108131
1665.66060210533	0.00829049960949397
1667.482164741	0.0103058560296262
1669.30372737666	0.0130070042818339
1671.12529001233	0.0161051570014621
1672.946852648	0.0194785757421791
1674.76841528366	0.0232064539436829
1676.58997791933	0.0272976262859428
1678.411540555	0.0327281363482368
1680.23310319066	0.0401288196647774
1682.05466582633	0.0490290757962723
1683.876228462	0.0586862986008392
1685.69779109766	0.0731459725599161
1687.51935373333	0.089655817643897
1689.340916369	0.109085542257756
1691.16247900466	0.130607776709315
1692.98404164033	0.155452933310472
1694.805604276	0.181596152853371
1696.62716691166	0.209547259433064
1698.44872954733	0.240448475916572
1700.270292183	0.27413963601699
1702.09185481866	0.311148187090675
1703.91341745433	0.35121060724807
1705.73498009	0.394487703834713
1707.55654272566	0.446069255296445
1709.37810536133	0.50144585894352
1711.199667997	0.560262385582344
1713.02123063266	0.6256150371461
1714.84279326833	0.698646677905536
1716.664355904	0.780164333008937
1718.48591853966	0.868100966566165
1720.30748117533	0.963658242589531
1722.129043811	1.0703942721868
1723.95060644666	1.18485966242848
1725.77216908233	1.31575681938967
1727.593731718	1.4677603600282
1729.41529435366	1.63575827042107
1731.23685698933	1.81898572868377
1733.058419625	2.01829298330126
1734.87998226066	2.23328672417194
1736.70154489633	2.47138692046738
1738.523107532	2.73118655128803
1740.34467016766	3.01636632358516
1742.16623280333	3.32141660838725
1743.987795439	3.64603419982405
1745.80935807466	3.99688513933673
1747.63092071033	4.3694018137954
1749.452483346	4.76365545678238
1751.27404598166	5.17894286417493
1753.09560861733	5.61449981046116
1754.917171253	6.08418807348173
1756.73873388866	6.58295438147911
1758.56029652433	7.10224575461941
1760.38185916	7.65554703079376
1762.20342179566	8.24234922764179
1764.02498443133	8.85562545649433
1765.846547067	9.49058599078878
1767.66810970266	10.1444916709286
1769.48967233833	10.8196169670995
1771.311234974	11.5182886332488
1773.13279760966	12.2344496270544
1774.95436024533	12.9625615961531
1776.775922881	13.7071320042253
1778.59748551666	14.4652377289072
1780.41904815233	15.2358644121546
1782.240610788	16.0197997248762
1784.06217342366	16.8106274727502
1785.88373605933	17.6083404709017
1787.705298695	18.4176066889391
1789.52686133066	19.235994359283
1791.34842396633	20.0606464175959
1793.169986602	20.8887068402851
1794.99154923766	21.7224171643826
1796.81311187333	22.5596523951207
1798.634674509	23.3995813543026
1800.45623714466	24.2464204527065
1802.27779978033	25.0978750932528
1804.099362416	25.9511123071097
1805.92092505166	26.8063012988965
1807.74248768733	27.6640877320155
1809.564050323	28.5218740035251
1811.38561295866	29.3792516103316
1813.20717559433	30.2360782243686
1815.02873823	31.0929046491191
1816.85030086566	31.9497308777036
1818.67186350133	32.8065569023942
1820.493426137	33.6633827159267
1822.31498877266	34.5199341973271
1824.13655140833	35.3756718194554
1825.958114044	36.231158306058
1827.77967667966	37.0865692714778
1829.60123931533	37.9418385625213
1831.422801951	38.7963458744709
1833.24436458666	39.6495173636949
1835.06592722233	40.4994526607607
1836.88748985799	41.3446841549126
1838.70905249366	42.1864974210735
1840.53061512933	43.0275530153762
1842.35217776499	43.8661085805564
1844.17374040066	44.7026949366949
1845.99530303633	45.5361102124235
1847.81686567199	46.3636332941056
1849.63842830766	47.1831064734112
1851.45999094333	47.9963971451552
1853.28155357899	48.8008418386613
1855.10311621466	49.5962971871119
1856.92467885033	50.3836420468259
1858.74624148599	51.164038500978
1860.56780412166	51.9378520926058
1862.38936675733	52.6945175447962
1864.21092939299	53.4409917347188
1866.03249202866	54.1686279692421
1867.85405466433	54.873778317927
1869.67561729999	55.551803565346
1871.49717993566	56.2039385364221
1873.31874257133	56.8292383895723
1875.14030520699	57.4269773404767
1876.96186784266	57.997488098414
1878.78343047833	58.5471967244631
1880.60499311399	59.070650198278
1882.42655574966	59.5668555328503
1884.24811838533	60.0347284054692
1886.06968102099	60.4796944361998
1887.89124365666	60.8967540068067
1889.71280629233	61.2870337633231
1891.53436892799	61.6591392053049
1893.35593156366	62.0169198314344
1895.17749419933	62.354394828853
1896.99905683499	62.6740407074988
1898.82061947066	62.9750513836895
1900.64218210633	63.2675115451271
1902.46374474199	63.5528826265328
1904.28530737766	63.8326212003662
1906.10687001333	64.1068981500984
1907.92843264899	64.37843862279
1909.74999528466	64.643916560009
1911.57155792033	64.9074042655386
1913.39312055599	65.1700742624943
1915.21468319166	65.4318697909528
1917.03624582733	65.6937092996255
1918.85780846299	65.955719037598
1920.67937109866	66.218233084384
1922.50093373433	66.4806205344779
1924.32249636999	66.7438085480512
1926.14405900566	67.0070830630447
1927.96562164133	67.2716359777846
1929.78718427699	67.5365231984934
1931.60874691266	67.8028330865767
1933.43030954833	68.0699265517572
1935.25187218399	68.3397183611049
1937.07343481966	68.6162071746481
1938.89499745533	68.899843926497
1940.71656009099	69.1977998038519
1942.53812272666	69.5167102179537
1944.35968536233	69.856079988735
1946.18124799799	70.2222742897759
1948.00281063366	70.6213943014995
1949.82437326933	71.0644912184684
1951.64593590499	71.5634181298902
1953.46749854066	72.1180235971955
1955.28906117633	72.7380995082294
1957.11062381199	73.4263175639378
1958.93218644766	74.202724574381
1960.75374908333	75.0425060733818
1962.57531171899	75.9338790340729
1964.39687435466	76.880795061397
1966.21843699033	77.8818833645891
1968.03999962599	78.9338811697585
1969.86156226166	80.0141608327651
1971.68312489733	81.1196339928048
1973.50468753299	82.2521580328604
1975.32625016866	83.3985393018877
1977.14781280433	84.5510805197407
1978.96937543999	85.710111886548
1980.79093807566	86.8747552662102
1982.61250071133	88.0526714269979
1984.43406334699	89.2435299192317
1986.25562598266	90.4447559449722
1988.07718861833	91.6520227081981
1989.89875125399	92.8762721787603
1991.72031388966	94.1139163785584
1993.54187652533	95.3594974591291
1995.36343916099	96.6195205432806
1997.18500179666	97.9085328402563
1999.00656443233	99.2108866610404
2000.82812706799	100.528265844898
2002.64968970366	101.866947141011
2004.47125233933	103.23131148175
2006.29281497499	104.634206353316
2008.11437761066	106.086785735142
2009.93594024633	107.589737307889
2011.75750288199	109.200108715144
2013.57906551766	110.952436614692
2015.40062815333	112.8383616561
2017.22219078899	114.689795264062
2019.04375342466	114.689795264062
