time	velocity
1646.47102729198	1.07092412828138
1648.33833953235	NA
1650.20565177272	NA
1652.07296401309	NA
1653.94027625347	NA
1655.80758849384	NA
1657.67490073421	NA
1659.54221297459	NA
1661.40952521496	NA
1663.27683745533	NA
1665.1441496957	NA
1667.01146193608	NA
1668.87877417645	NA
1670.74608641682	NA
1672.6133986572	NA
1674.48071089757	NA
1676.34802313794	3.95478387730793
1678.21533537831	3.95499778403525
1680.08264761869	3.45912896053329
1681.94995985906	2.24733570732087
1683.81727209943	1.35642017215481
1685.68458433981	1.35787113956434
1687.55189658018	1.11547436325124
1689.41920882055	2.20937470253111
1691.28652106092	2.79991707725171
1693.1538333013	2.78260651399319
1695.02114554167	2.60153692239824
1696.88845778204	2.6016264757129
1698.75577002241	2.61800219536593
1700.62308226279	1.42439310190522
1702.49039450316	2.59178017473115
1704.35770674353	2.54143671382789
1706.22501898391	2.49713879375722
1708.09233122428	2.49725709976605
1709.95964346465	2.10474115249746
1711.82695570502	2.61239546982004
1713.6942679454	2.96764199147939
1715.56158018577	2.78005742495855
1717.42889242614	1.67161570598184
1719.29620466652	1.66558942620628
1721.16351690689	1.66825156578879
1723.03082914726	2.05243747673389
1724.89814138763	3.20791611058364
1726.76545362801	3.15904679523777
1728.63276586838	1.90715714230873
1730.50007810875	1.62414580945143
1732.36739034913	2.82065251857135
1734.2347025895	3.50282536099948
1736.10201482987	3.46563409270562
1737.96932707024	3.42880832200939
1739.83663931062	2.24356987545143
1741.70395155099	2.24362841352581
1743.57126379136	1.78223127638342
1745.43857603173	2.00466348258894
1747.30588827211	3.26199192493784
1749.17320051248	3.40075346067931
1751.04051275285	3.3612195905514
1752.90782499323	2.65766013543739
1754.7751372336	3.3680877536577
1756.64244947397	3.49768733544904
1758.50976171434	3.04071620535469
1760.37707395472	2.89186534663504
1762.24438619509	2.86421080642888
1764.11169843546	3.01804519130692
1765.97901067584	3.57283767932255
1767.84632291621	3.64278025278147
1769.71363515658	3.36890560008034
1771.58094739695	3.0219951352457
1773.44825963733	3.08500942777509
1775.3155718777	3.01680358442994
1777.18288411807	3.14816676737473
1779.05019635845	2.94760940463917
1780.91750859882	2.53006415353721
1782.78482083919	2.51542955293934
1784.65213307956	2.35809821472434
1786.51944531994	2.48147275547894
1788.38675756031	2.54875366865019
1790.25406980068	2.97983891315853
1792.12138204105	3.04808555728913
1793.98869428143	2.81195148678762
1795.8560065218	2.64772615163411
1797.72331876217	2.70545258482665
1799.59063100255	2.958486895905
1801.45794324292	2.73078692350746
1803.32525548329	3.01110888822398
1805.19256772366	2.9432068386075
1807.05987996404	2.65195350734248
1808.92719220441	2.19334395351704
1810.79450444478	2.09979119695316
1812.66181668516	2.00213083862689
1814.52912892553	1.48704444225323
1816.3964411659	1.37318810024028
1818.26375340627	1.38774088442524
1820.13106564665	1.6966626081834
1821.99837788702	1.95770915014381
1823.86569012739	1.75156004930842
1825.73300236777	1.63739806543999
1827.60031460814	1.6711436791746
1829.46762684851	1.62449343221191
1831.33493908888	2.06912845923533
1833.20225132926	3.9216369426203
1835.06956356963	1.43124865174399
1836.93687581	1.36142626422026
1838.80418805037	1.34744505926001
1840.67150029075	2.12081766059551
1842.53881253112	2.17328266392884
1844.40612477149	1.84784955196094
1846.27343701187	0.983313433085522
1848.14074925224	0.860130949695707
1850.00806149261	1.24415039898305
1851.87537373298	1.28813944003665
1853.74268597336	1.16534655857116
1855.60999821373	1.0760306979431
1857.4773104541	1.13912509530902
1859.34462269448	1.26068777062949
1861.21193493485	1.38133315109453
1863.07924717522	1.42275531225814
1864.94655941559	1.21718861935281
1866.81387165597	1.14901885794321
1868.68118389634	1.20609931757494
1870.54849613671	1.29289725032219
1872.41580837709	1.28510035818141
1874.28312061746	1.36687532363671
1876.15043285783	1.32692068750698
1878.0177450982	1.26146342254081
1879.88505733858	1.3808454614181
1881.75236957895	1.45371771602861
1883.61968181932	1.3385929040402
1885.48699405969	1.2988214905141
1887.35430630007	1.26548877298337
1889.22161854044	1.44836384616159
1891.08893078081	1.47535110409171
1892.95624302119	1.46592595688341
1894.82355526156	1.64946178173657
1896.69086750193	1.69538948836768
1898.5581797423	1.70288324151498
1900.42549198268	1.49520384446323
1902.29280422305	1.53208003562103
1904.16011646342	1.29677387565591
1906.0274287038	0.911485145789648
1907.89474094417	0.62757378092412
1909.76205318454	0.507956213419547
1911.62936542491	0.436726753715103
1913.49667766529	0.421218049342639
1915.36398990566	0.416872891556332
1917.23130214603	0.399339502438313
1919.09861438641	0.409324238086401
1920.96592662678	0.434276504125455
1922.83323886715	0.465795779395323
1924.70055110752	0.483564768765082
1926.5678633479	0.492979635140538
1928.43517558827	0.479211323865138
1930.30248782864	0.443213694719693
1932.16980006901	0.38754536639808
1934.03711230939	0.392285762949187
1935.90442454976	0.297381942801031
1937.77173679013	0.329701057745887
1939.63904903051	0.328083380815303
1941.50636127088	0.469687196269205
1943.37367351125	0.724045685181666
1945.24098575162	1.09745838259244
1947.108297992	1.28189650719864
1948.97561023237	1.32144426068534
1950.84292247274	1.22697543741357
1952.71023471312	0.953016277048107
1954.57754695349	0.549779543739457
1956.44485919386	0.411951700759726
1958.31217143423	0.420956049858086
1960.17948367461	0.545452610831747
1962.04679591498	0.626842451458725
1963.91410815535	0.636858364133207
1965.78142039573	0.590276244496308
1967.6487326361	0.606470833234595
1969.51604487647	0.72405266193551
1971.38335711684	0.849891618299834
1973.25066935722	1.02030593922789
1975.11798159759	1.05698912428419
1976.98529383796	1.07516696519926
1978.85260607833	1.11688341817792
1980.71991831871	1.08708453544563
1982.58723055908	1.00663000580213
1984.45454279945	0.90535235198607
1986.32185503983	0.848285702434074
1988.1891672802	0.76518946637093
1990.05647952057	0.756968469059755
1991.92379176094	0.740684862726142
1993.79110400132	0.793523205356771
1995.65841624169	0.753724376858231
1997.52572848206	0.755872636250143
1999.39304072244	0.92703170250964
2001.26035296281	1.09331148256195
2003.12766520318	1.12478791833518
2004.99497744355	0.904010137966055
2006.86228968393	0.960491964911349
2008.7296019243	1.82225863327563
2010.59691416467	2.52774042202706
2012.46422640505	1.65530666085679
2014.33153864542	1.91270964263653
2016.19885088579	0.101231692539461
2018.06616312616	0.274542336894375
