time	velocity
1327.32024505188	0.0059076495011716
1330.7882037233	NA
1334.25616239472	NA
1337.72412106614	NA
1341.19207973756	NA
1344.66003840898	NA
1348.12799708039	NA
1351.59595575181	NA
1355.06391442323	0.276312476431006
1358.53187309465	0.202195782402721
1361.99983176607	0.0844371053303446
1365.46779043749	0.0844348390758405
1368.93574910891	NA
1372.40370778033	0.0134639272934267
1375.87166645175	NA
1379.33962512317	NA
1382.80758379459	0.0290707666106896
1386.27554246601	0.0458127035898095
1389.74350113742	0.293999657571746
1393.21145980884	0.0981588035225197
1396.67941848026	0.131619124145791
1400.14737715168	0.139079042904733
1403.6153358231	0.218094772209085
1407.08329449452	0.121497138089765
1410.55125316594	0.143671206920928
1414.01921183736	0.140640654040958
1417.48717050878	0.221787565036648
1420.9551291802	0.241673963258459
1424.42308785162	0.210310435053343
1427.89104652303	0.225034788108437
1431.35900519445	0.166871408275799
1434.82696386587	0.16489710965598
1438.29492253729	0.110031816833317
1441.76288120871	0.122994875138893
1445.23083988013	0.165197577519236
1448.69879855155	0.205190143545252
1452.16675722297	0.208031383867743
1455.63471589439	0.225473403782948
1459.10267456581	0.188407359902152
1462.57063323723	0.20783979658524
1466.03859190865	0.179053067794342
1469.50655058006	0.179625738878902
1472.97450925148	0.210050152636191
1476.4424679229	0.254337810065174
1479.91042659432	0.205836956524961
1483.37838526574	0.180561172656271
1486.84634393716	0.168832340629302
1490.31430260858	0.151801469636906
1493.78226128	0.170330681150338
1497.25021995142	0.192015488638835
1500.71817862284	0.185207442193233
1504.18613729426	0.16310196023499
1507.65409596568	0.167925516580406
1511.12205463709	0.198366999774059
1514.59001330851	0.134197358187103
1518.05797197993	0.145530880642493
1521.52593065135	0.168448584624381
1524.99388932277	0.178625682126342
1528.46184799419	0.161452826320543
1531.92980666561	0.155425734395816
1535.39776533703	0.226412831240921
1538.86572400845	0.198228473637739
1542.33368267987	0.150632102284928
1545.80164135129	0.127435712748524
1549.26960002271	0.112823254483663
1552.73755869412	0.117645099521306
1556.20551736554	0.160154719176903
1559.67347603696	0.164691106572109
1563.14143470838	0.142988639083807
1566.6093933798	0.0967861287011145
1570.07735205122	0.127428381568189
1573.54531072264	0.100333495111921
1577.01326939406	0.119136009685561
1580.48122806548	0.127336491958326
1583.9491867369	0.119068969680886
1587.41714540832	0.107558904113099
1590.88510407973	0.108817965682446
1594.35306275115	0.11997025500341
1597.82102142257	0.117947242524651
1601.28898009399	0.109743188207367
1604.75693876541	0.0990097987715208
1608.22489743683	0.128431597540887
1611.69285610825	0.122923504720796
1615.16081477967	0.137586537294671
1618.62877345109	0.107176389386046
1622.09673212251	0.140840057685054
1625.56469079393	0.150912159911144
1629.03264946535	0.127661906533566
1632.50060813676	0.118154874919692
1635.96856680818	0.136852862244727
1639.4365254796	0.117567662465503
1642.90448415102	0.109514938445666
1646.37244282244	0.113268499957815
1649.84040149386	0.117945035688118
1653.30836016528	0.081564888563738
1656.7763188367	0.0760811524981573
1660.24427750812	0.108087835034649
1663.71223617954	0.145410677529971
1667.18019485096	0.158102461207785
1670.64815352238	0.127868438987039
1674.11611219379	0.191618028064664
1677.58407086521	NA
1681.05202953663	0.265243989592913
1684.51998820805	0.265245105693216
1687.98794687947	0.204823849060607
1691.45590555089	NA
1694.92386422231	NA
1698.39182289373	0.0548645276348591
1701.85978156515	0.0571320094937079
1705.32774023657	0.0406540037295108
1708.79569890799	0.0940901212222593
1712.26365757941	0.0982811212077612
1715.73161625082	0.0862003499440121
1719.19957492224	0.0681525382934612
1722.66753359366	0.0733589288492665
1726.13549226508	0.0585733243229842
1729.6034509365	0.0860455672868472
1733.07140960792	0.240133430248131
1736.53936827934	0.0923456738369144
1740.00732695076	0.0712564897696504
1743.47528562218	0.0782586658645103
1746.9432442936	0.114338649944319
1750.41120296502	0.112478723958249
1753.87916163644	0.0762447763025776
1757.34712030785	0.0875772989680319
1760.81507897927	0.102852508899636
1764.28303765069	0.144585773465947
1767.75099632211	0.144287344300637
1771.21895499353	0.196154154889735
1774.68691366495	0.20736243786249
1778.15487233637	0.226417219166128
1781.62283100779	0.219729593069189
1785.09078967921	0.343432929885984
1788.55874835063	0.571297184683254
1792.02670702205	0.486411767754627
1795.49466569346	0.79074764699112
1798.96262436488	1.03570883643854
1802.4305830363	0.857186737039067
1805.89854170772	0.938495417352387
1809.36650037914	0.97472303201789
1812.83445905056	1.07732825382693
1816.30241772198	1.07478039060283
1819.7703763934	1.07259542095789
1823.23833506482	1.20450463567863
1826.70629373624	1.02883320997687
1830.17425240766	0.997298784699041
1833.64221107908	1.05377131061427
1837.11016975049	1.05468409970358
1840.57812842191	1.07977409601889
1844.04608709333	0.921656510927539
1847.51404576475	0.906728282269879
1850.98200443617	0.752735196019202
1854.44996310759	0.881818553369098
1857.91792177901	0.864576942296925
1861.38588045043	0.815277567747588
1864.85383912185	0.766742509657936
1868.32179779327	0.83171377536064
1871.78975646469	0.809400326226427
1875.25771513611	0.838712722759395
1878.72567380752	0.867658535154187
1882.19363247894	0.909699199266089
1885.66159115036	0.874594340542611
1889.12954982178	0.818897529585947
1892.5975084932	0.832082198119506
1896.06546716462	0.825926728615306
1899.53342583604	0.717028612352222
1903.00138450746	0.588262386724988
1906.46934317888	0.538177522224177
1909.9373018503	0.521056804957987
1913.40526052172	0.57769632370689
1916.87321919314	0.772462216227206
1920.34117786455	0.981320704332358
1923.80913653597	1.25421078399993
1927.27709520739	1.96243328273376
1930.74505387881	2.40011842936189
1934.21301255023	3.56271983725811
1937.68097122165	6.9770159093266
1941.14892989307	7.49138744428375
1944.61688856449	9.77116030154478
1948.08484723591	10.8495773617971
1951.55280590733	8.86393009138924
1955.02076457875	5.67877973276709
1958.48872325017	3.42313563962824
1961.95668192158	2.89776821672079
1965.424640593	2.82884846385282
1968.89259926442	2.66436615006059
1972.36055793584	3.07866048145263
1975.82851660726	5.33441325432778
1979.29647527868	6.11295107562812
1982.7644339501	3.42823308731836
1986.23239262152	2.17401861236409
1989.70035129294	1.35321367358471
1993.16830996436	2.27828473014516
1996.63626863578	22.4342876833601
2000.10422730719	15.0269146339665
2003.57218597861	1.95079193855066
2007.04014465003	1.39302964473007
2010.50810332145	1.17633161649406
2013.97606199287	1.46296841093665
2017.44402066429	1.7492500679204
