time	distance
1587.52831351116	0
1589.68619208059	0.000661078470483907
1591.84407065002	0.00132215399451986
1594.00194921945	0.00198322658184453
1596.15982778888	0.00264429623422333
1598.31770635831	0.00330536294522255
1600.47558492774	0.00396642671729071
1602.63346349717	0.00462748754760544
1604.7913420666	0.00607220331017269
1606.94922063603	0.00762571803449588
1609.10709920546	0.00917922188562868
1611.2649777749	0.0107327148576556
1613.42285634433	0.0122861969437818
1615.58073491376	0.0138396681449855
1617.73861348319	0.015468992834781
1619.89649205262	0.017180121961023
1622.05437062205	0.0188912402836374
1624.21224919148	0.0206918097414396
1626.37012776091	0.0225764411488483
1628.52800633034	0.0244764730568748
1630.68588489977	0.0268668144681374
1632.8437634692	0.0299366430142826
1635.00164203863	0.033826133974756
1637.15952060806	0.0377740802434133
1639.31739917749	0.043122739262933
1641.47527774692	0.0507862410883693
1643.63315631635	0.0600364412075678
1645.79103488578	0.0702031523414641
1647.94891345521	0.0832763944149704
1650.10679202464	0.0999581793542404
1652.26467059407	0.118313828606798
1654.42254916351	0.140104351639032
1656.58042773294	0.16775018968029
1658.73830630237	0.203881107558063
1660.8961848718	0.241465270487254
1663.05406344123	0.286344677538185
1665.21194201066	0.342815232587694
1667.36982058009	0.405513857340167
1669.52769914952	0.475177012170168
1671.68557771895	0.554214349884603
1673.84345628838	0.650627143329362
1676.00133485781	0.760797423061387
1678.15921342724	0.889978025771334
1680.31709199667	1.03182251295293
1682.4749705661	1.19071473703607
1684.63284913553	1.3717026862838
1686.79072770496	1.57627939758561
1688.94860627439	1.81012435387997
1691.10648484382	2.07455196716463
1693.26436341325	2.35753916272028
1695.42224198268	2.66720525327782
1697.58012055212	3.01686771031184
1699.73799912155	3.39461785751024
1701.89587769098	3.80838817217224
1704.05375626041	4.25082999116716
1706.21163482984	4.7189409916008
1708.36951339927	5.20511683488939
1710.5273919687	5.72443332966332
1712.68527053813	6.2753865848891
1714.84314910756	6.86469650865625
1717.00102767699	7.47615266819959
1719.15890624642	8.10108124526583
1721.31678481585	8.75546055797787
1723.47466338528	9.43048481313623
1725.63254195471	10.117606738888
1727.79042052414	10.8180292020004
1729.94829909357	11.5327842040727
1732.106177663	12.2520541658883
1734.26405623243	12.9726464550639
1736.42193480186	13.6992462059018
1738.57981337129	14.4282654189602
1740.73769194073	15.1592428474958
1742.89557051016	15.8929454638889
1745.05344907959	16.6288405057228
1747.21132764902	17.367164952944
1749.36920621845	18.1069914541475
1751.52708478788	18.84781138782
1753.68496335731	19.5896584736707
1755.84284192674	20.3324065443157
1758.00072049617	21.0753716049223
1760.1585990656	21.8196260788294
1762.31647763503	22.568388481635
1764.47435620446	23.3192395297394
1766.63223477389	24.0716464865509
1768.79011334332	24.8270406800149
1770.94799191275	25.5899427743234
1773.10587048218	26.3590179758275
1775.26374905161	27.1317811722561
1777.42162762104	27.9218269274918
1779.57950619047	28.73721553543
1781.7373847599	29.5598534694012
1783.89526332934	30.4143184125492
1786.05314189877	31.3082806935151
1788.2110204682	32.2197955939032
1790.36889903763	33.1223743840087
1792.52677760706	34.0323948805565
1794.68465617649	34.9938108922023
1796.84253474592	36.3801173462066
1799.00041331535	37.7872399810281
1801.15829188478	39.101307319448
1803.31617045421	40.6765081566514
1805.47404902364	42.5128908538048
1807.63192759307	44.4622307507916
1809.7898061625	46.8028975071655
1811.94768473193	49.3698924337878
1814.10556330136	52.5494501686841
1816.26344187079	56.2256193373273
1818.42132044022	60.0813245312205
1820.57919900965	64.33862195901
1822.73707757908	69.1507490854616
1824.89495614852	74.1353500919539
1827.05283471795	79.4668087293257
1829.21071328738	85.0418514560621
1831.36859185681	90.9459133857017
1833.52647042624	97.1451601879646
1835.68434899567	103.562645863402
1837.8422275651	110.113717097724
1840.00010613453	116.791563708198
1842.15798470396	123.63952565547
1844.31586327339	130.166609637895
1846.47374184282	136.406857987794
1848.63162041225	142.345221892729
1850.78949898168	148.069450632904
1852.94737755111	153.563273073163
1855.10525612054	158.712803717094
1857.26313468997	163.543445584034
1859.4210132594	168.274639112565
1861.57889182883	172.96523494468
1863.73677039826	177.626517065189
1865.89464896769	182.119388353695
1868.05252753713	186.570900394033
1870.21040610656	190.932546370033
1872.36828467599	195.150012216346
1874.52616324542	199.155510718065
1876.68404181485	202.983504426525
1878.84192038428	206.569972007399
1880.99979895371	209.958840719978
1883.15767752314	213.149236387651
1885.31555609257	216.096477029238
1887.473434662	218.833857907317
1889.63131323143	221.406274997987
1891.78919180086	223.858828501902
1893.94707037029	226.188984670178
1896.10494893972	228.428750039418
1898.26282750915	230.573899343518
1900.42070607858	232.694895779723
1902.57858464801	234.79893618231
1904.73646321744	236.902368144705
1906.89434178687	239.07433422219
1909.0522203563	241.282390522525
1911.21009892574	243.510541075773
1913.36797749517	245.794597946156
1915.5258560646	248.134740820291
1917.68373463403	250.629990653736
1919.84161320346	253.336719244047
1921.99949177289	256.172570470152
1924.15737034232	259.320221196588
1926.31524891175	262.833781960373
1928.47312748118	266.364255620541
1930.63100605061	270.020443160678
1932.78888462004	274.034698675707
1934.94676318947	277.90757048158
1937.1046417589	281.490019464236
1939.26252032833	284.887524716444
1941.42039889776	287.983322582287
1943.57827746719	290.989322588585
1945.73615603662	294.13076418394
1947.89403460605	297.386782096766
1950.05191317548	300.942382799302
1952.20979174491	304.716608273683
1954.36767031435	308.783078103962
1956.52554888378	313.331741228086
1958.68342745321	318.620657795643
1960.84130602264	324.482682213151
1962.99918459207	330.878926799987
1965.1570631615	337.83292478218
1967.31494173093	345.266868836926
1969.47282030036	353.114960906747
1971.63069886979	361.58584724786
1973.78857743922	370.589661650479
1975.94645600865	379.67005201315
1978.10433457808	389.059056348904
1980.26221314751	398.728306560672
1982.42009171694	408.365736755793
1984.57797028637	417.851994060213
1986.7358488558	427.253978747027
1988.89372742523	436.507223538779
1991.05160599466	445.587048505124
1993.20948456409	454.707097629655
1995.36736313352	464.005307569774
1997.52524170296	473.184504387958
1999.68312027239	482.581531111889
2001.84099884182	491.903849197704
2003.99887741125	501.293794358206
2006.15675598068	510.771440044333
2008.31463455011	520.318699768828
2010.47251311954	529.980267430804
2012.63039168897	539.780991459289
2014.7882702584	549.850781023767
2016.94614882783	559.585218115318
2019.10402739726	559.585218115318
