time	distance
1654.73122629133	0
1656.552788927	0.0010077136371461
1658.37435156266	0.00204767407139277
1660.19591419833	0.00321858320918636
1662.017476834	0.00489163315035331
1663.83903946966	0.0065646855108131
1665.66060210533	0.00829049960949397
1667.482164741	0.0103058560296262
1669.30372737666	0.0130070042818339
1671.12529001233	0.0161051570014621
1672.946852648	0.0194785757421791
1674.76841528366	0.0232064539436829
1676.58997791933	0.0272976262859428
1678.411540555	0.0327281363482368
1680.23310319066	0.0401288196647774
1682.05466582633	0.0490290757962723
1683.876228462	0.0586862986008392
1685.69779109766	0.0731459725599161
1687.51935373333	0.089655817643897
1689.340916369	0.109085542257756
1691.16247900466	0.130607776709315
1692.98404164033	0.155452933310472
1694.805604276	0.181596152853371
1696.62716691166	0.209547259433064
1698.44872954733	0.240448475916572
1700.270292183	0.27413963601699
1702.09185481866	0.311148187090675
1703.91341745433	0.35121060724807
1705.73498009	0.394487703834713
1707.55654272566	0.446069255296445
1709.37810536133	0.50144585894352
1711.199667997	0.560262385582344
1713.02123063266	0.6256150371461
1714.84279326833	0.698646677905536
1716.664355904	0.780164333008937
1718.48591853966	0.868100966566165
1720.30748117533	0.963658242589531
1722.129043811	1.0703942721868
1723.95060644666	1.18485966242848
1725.77216908233	1.31575681938967
1727.593731718	1.4677603600282
1729.41529435366	1.63575827042107
1731.23685698933	1.81898572868377
1733.058419625	2.01829298330126
1734.87998226066	2.23328672417194
1736.70154489633	2.47138692046738
1738.523107532	2.73118655128803
1740.34467016766	3.01636632358516
1742.16623280333	3.32141660838725
1743.987795439	3.64603419982405
1745.80935807466	3.99688513933673
1747.63092071033	4.3694018137954
1749.452483346	4.76365545678238
1751.27404598166	5.17894286417493
1753.09560861733	5.61449981046116
1754.917171253	6.08418807348173
1756.73873388866	6.58295438147911
1758.56029652433	7.10224575461941
1760.38185916	7.65554703079376
1762.20342179566	8.24234922764179
1764.02498443133	8.85562545649433
1765.846547067	9.49058599078878
1767.66810970266	10.1444916709286
1769.48967233833	10.8196169670995
1771.311234974	11.5182886332488
1773.13279760966	12.2344496270544
1774.95436024533	12.9625615961531
1776.775922881	13.7071320042253
1778.59748551666	14.4652377289072
1780.41904815233	15.2358644121546
1782.240610788	16.0197997248762
1784.06217342366	16.8106274727502
1785.88373605933	17.6083404709017
1787.705298695	18.4176066889391
1789.52686133066	19.235994359283
1791.34842396633	20.0606464175959
1793.169986602	20.8887068402851
1794.99154923766	21.7224171643826
1796.81311187333	22.5596523951207
1798.634674509	23.3995813543026
1800.45623714466	24.2464204527065
1802.27779978033	25.0978750932528
1804.099362416	25.9511123071097
1805.92092505166	26.8063012988965
1807.74248768733	27.6640877320155
1809.564050323	28.5218740035251
1811.38561295866	29.3792451663755
1813.20717559433	30.2360566471717
1815.02873823	31.0928679390871
1816.85030086566	31.9496790349666
1818.67186350133	32.806489927386
1820.493426137	33.6633006089455
1822.31498877266	34.519542773203
1824.13655140833	35.374945948697
1825.958114044	36.2300988121641
1827.77967667966	37.085175649735
1829.60123931533	37.9401094278862
1831.422801951	38.7942618286547
1833.24436458666	39.64706244917
1835.06592722233	40.4966162607802
1836.88748985799	41.3414572557786
1838.70905249366	42.1828744313209
1840.53061512933	43.0235243856283
1842.35217776499	43.861545748566
1844.17374040066	44.69760252676
1845.99530303633	45.5304690331297
1847.81686567199	46.3573866200533
1849.63842830766	47.1761867487008
1851.45999094333	47.9887845043502
1853.28155357899	48.7924554181846
1855.10311621466	49.5870262111764
1856.92467885033	50.3734006388541
1858.74624148599	51.152720742383
1860.56780412166	51.9253550471046
1862.38936675733	52.6806951199418
1864.21092939299	53.4257780052748
1866.03249202866	54.151756233644
1867.85405466433	54.8547437040751
1869.67561729999	55.5301546678245
1871.49717993566	56.179387782806
1873.31874257133	56.8015263195576
1875.14030520699	57.3956537967466
1876.96186784266	57.9624983184282
1878.78343047833	58.5080872688636
1880.60499311399	59.0270405760867
1882.42655574966	59.5183910109931
1884.24811838533	59.9810279776676
1886.06968102099	60.4205199921028
1887.89124365666	60.8317175063786
1889.71280629233	61.2156806570865
1891.53436892799	61.5811113969133
1893.35593156366	61.9319334214967
1895.17749419933	62.2619631904421
1896.99905683499	62.5739621904344
1898.82061947066	62.8670723929667
1900.64218210633	63.1514922902926
1902.46374474199	63.4285268320091
1904.28530737766	63.699963022697
1906.10687001333	63.9658842212383
1907.92843264899	64.2290150020238
1909.74999528466	64.4860227124494
1911.57155792033	64.74102535609
1913.39312055599	64.9952771356386
1915.21468319166	65.2484095388099
1917.03624582733	65.5018341634908
1918.85780846299	65.7559711399017
1920.67937109866	66.0102759622771
1922.50093373433	66.2642625237493
1924.32249636999	66.5185490240296
1926.14405900566	66.7728195550327
1927.96562164133	67.0260398337641
1929.78718427699	67.27940784752
1931.60874691266	67.5336552033838
1933.43030954833	67.7880577559653
1935.25187218399	68.0425436352646
1937.07343481966	68.3007489845193
1938.89499745533	68.5594745691837
1940.71656009099	68.8219605143445
1942.53812272666	69.0922126289526
1944.35968536233	69.3732121158279
1946.18124799799	69.6716114566038
1948.00281063366	69.984746445551
1949.82437326933	70.3277848306862
1951.64593590499	70.7029660217059
1953.46749854066	71.1100059643401
1955.28906117633	71.5599232638395
1957.11062381199	72.0588217369467
1958.93218644766	72.6196282933367
1960.75374908333	73.2285828088441
1962.57531171899	73.8720392628761
1964.39687435466	74.5555481057046
1966.21843699033	75.2843751836924
1968.03999962599	76.0675621132391
1969.86156226166	76.8741805943529
1971.68312489733	77.7071389860853
1973.50468753299	78.5708443557898
1975.32625016866	79.4548498366057
1977.14781280433	80.3523525208364
1978.96937543999	81.2684365201467
1980.79093807566	82.1953266228617
1982.61250071133	83.1377189126315
1984.43406334699	84.0958295983926
1986.25562598266	85.0703735087525
1988.07718861833	86.0603239175804
1989.89875125399	87.0636375049912
1991.72031388966	88.0795193967595
1993.54187652533	89.1050228693458
1995.36343916099	90.1475052157072
1997.18500179666	91.2117058753959
1999.00656443233	92.2956626658138
2000.82812706799	93.3996929553411
2002.64968970366	94.5257886715241
2004.47125233933	95.6817320802101
2006.29281497499	96.8728242427752
2008.11437761066	98.099644346614
2009.93594024633	99.3794738308752
2011.75750288199	100.756212866049
2013.57906551766	102.249646014898
2015.40062815333	103.851927117162
2017.22219078899	105.538028748785
2019.04375342466	105.538028748785
