time	velocity
1327.32024505188	0.0059076495011716
1330.7882037233	NA
1334.25616239472	NA
1337.72412106614	NA
1341.19207973756	NA
1344.66003840898	NA
1348.12799708039	NA
1351.59595575181	NA
1355.06391442323	0.276312476431006
1358.53187309465	0.202195782402721
1361.99983176607	0.0844371053303446
1365.46779043749	0.0844348390758405
1368.93574910891	NA
1372.40370778033	0.0134639272934267
1375.87166645175	NA
1379.33962512317	NA
1382.80758379459	0.0290707666106896
1386.27554246601	0.0458127035898095
1389.74350113742	0.142550585907134
1393.21145980884	0.0981588035225197
1396.67941848026	0.131619124145791
1400.14737715168	0.101107999354178
1403.6153358231	0.195446588037516
1407.08329449452	0.107504629875825
1410.55125316594	0.138765014005787
1414.01921183736	0.159699988921532
1417.48717050878	0.0977245554141112
1420.9551291802	0.104066890895204
1424.42308785162	0.0941119513340957
1427.89104652303	0.084938470157427
1431.35900519445	0.158507662350076
1434.82696386587	0.211972394871251
1438.29492253729	0.0764215586707147
1441.76288120871	0.0906000918821689
1445.23083988013	0.108899014250231
1448.69879855155	0.136148382761753
1452.16675722297	0.0998159991950192
1455.63471589439	0.107347897914001
1459.10267456581	0.0904135573783553
1462.57063323723	0.172668320057114
1466.03859190865	0.177148898229914
1469.50655058006	0.104741280704124
1472.97450925148	0.133946278991232
1476.4424679229	0.127629211142203
1479.91042659432	0.176266781114232
1483.37838526574	0.140764783509496
1486.84634393716	0.111725618981821
1490.31430260858	0.119706864667266
1493.78226128	0.115084710960383
1497.25021995142	0.126410086300905
1500.71817862284	0.0902710756644489
1504.18613729426	0.110551720120354
1507.65409596568	0.0802849570872102
1511.12205463709	0.0790043490586514
1514.59001330851	0.0834631850609993
1518.05797197993	0.0894456881414151
1521.52593065135	0.0964712127472158
1524.99388932277	0.0982761567203107
1528.46184799419	0.110936299322563
1531.92980666561	0.0829664333049829
1535.39776533703	0.105657915153963
1538.86572400845	0.114143286768392
1542.33368267987	0.0982518580988033
1545.80164135129	0.0847472280263613
1549.26960002271	0.0862561078517498
1552.73755869412	0.0820431385402412
1556.20551736554	0.0845605429100655
1559.67347603696	0.0986976282299215
1563.14143470838	0.0875904751641146
1566.6093933798	0.0875058127352079
1570.07735205122	0.0862408254241374
1573.54531072264	0.087155082636786
1577.01326939406	0.0898753826478064
1580.48122806548	0.106218049580144
1583.9491867369	0.0888438838679571
1587.41714540832	0.0872653284424138
1590.88510407973	0.0980526594148701
1594.35306275115	0.100493014658733
1597.82102142257	0.0920311380546576
1601.28898009399	0.0939327435241813
1604.75693876541	0.0901123938855987
1608.22489743683	0.0981518210735393
1611.69285610825	0.0974966045998297
1615.16081477967	0.103556636087317
1618.62877345109	0.0939164981563605
1622.09673212251	0.0944798610299478
1625.56469079393	0.102595817882303
1629.03264946535	0.11959247528189
1632.50060813676	0.105300901795741
1635.96856680818	0.103873994650169
1639.4365254796	0.106048391016772
1642.90448415102	0.0937169383743504
1646.37244282244	0.0959523071602629
1649.84040149386	0.0992485890299671
1653.30836016528	0.0992485867342564
1656.7763188367	0.0943696048308265
1660.24427750812	0.105717318795238
1663.71223617954	0.115839574431143
1667.18019485096	0.151891767566856
1670.64815352238	0.118121014748912
1674.11611219379	0.191618028064664
1677.58407086521	NA
1681.05202953663	0.265243989592913
1684.51998820805	0.265245105693216
1687.98794687947	0.204823849060607
1691.45590555089	NA
1694.92386422231	NA
1698.39182289373	0.0548645276348591
1701.85978156515	0.0571320094937079
1705.32774023657	0.0297390117724632
1708.79569890799	0.061288061765113
1712.26365757941	0.0587647836193907
1715.73161625082	0.0600731551155995
1719.19957492224	0.0589059290133476
1722.66753359366	0.0589058972667606
1726.13549226508	0.0540486438090732
1729.6034509365	0.0673820246225812
1733.07140960792	0.0590238058209646
1736.53936827934	0.0402551196805946
1740.00732695076	0.0582578679424151
1743.47528562218	0.0540132123712817
1746.9432442936	0.0641413402527018
1750.41120296502	0.0579561395876005
1753.87916163644	0.0447829770740254
1757.34712030785	0.0566806184805912
1760.81507897927	0.0604698652848246
1764.28303765069	0.0842654174741811
1767.75099632211	0.063021034021443
1771.21895499353	0.05677122020032
1774.68691366495	0.0672363689107319
1778.15487233637	0.0832654610791092
1781.62283100779	0.0978459062009446
1785.09078967921	0.282162032158478
1788.55874835063	0.442056671782101
1792.02670702205	0.453711260272366
1795.49466569346	0.487609453383733
1798.96262436488	0.563207004314154
1802.4305830363	0.566074290073514
1805.89854170772	0.610524689343002
1809.36650037914	0.644775554991019
1812.83445905056	0.785201056984163
1816.30241772198	0.691448958179639
1819.7703763934	0.795954462627567
1823.23833506482	0.831836765327331
1826.70629373624	0.799049513503077
1830.17425240766	0.819902191874765
1833.64221107908	0.857436974258624
1837.11016975049	0.858549228572268
1840.57812842191	0.849283842421744
1844.04608709333	0.638487433979657
1847.51404576475	0.558032284375628
1850.98200443617	0.490110667168854
1854.44996310759	0.658292112463284
1857.91792177901	0.662177240225472
1861.38588045043	0.70799184209653
1864.85383912185	0.710617080647709
1868.32179779327	0.758026416362133
1871.78975646469	0.761622363741716
1875.25771513611	0.827222450005165
1878.72567380752	0.848582924239046
1882.19363247894	0.894980290859649
1885.66159115036	0.868275533393412
1889.12954982178	0.895638864297957
1892.5975084932	0.843564290596555
1896.06546716462	0.78931394721462
1899.53342583604	0.600905799016272
1903.00138450746	0.446023569139633
1906.46934317888	0.426023545583263
1909.9373018503	0.453069613233179
1913.40526052172	0.461165024260221
1916.87321919314	0.50121525014775
1920.34117786455	0.53052450043403
1923.80913653597	0.575637189406211
1927.27709520739	0.688941124722474
1930.74505387881	0.81205856130431
1934.21301255023	1.07940511555144
1937.68097122165	1.55860281088455
1941.14892989307	2.84845965190773
1944.61688856449	5.63278973779366
1948.08484723591	6.91574578555168
1951.55280590733	4.76559813710675
1955.02076457875	2.68998012576223
1958.48872325017	2.54298356847762
1961.95668192158	2.57371506865305
1965.424640593	2.54006446157763
1968.89259926442	2.28771694764879
1972.36055793584	2.26617747239964
1975.82851660726	3.71647397061443
1979.29647527868	4.85287729596943
1982.7644339501	1.6364410191704
1986.23239262152	1.32035986119315
1989.70035129294	1.09299705200437
1993.16830996436	0.91727661515219
1996.63626863578	8.83846308174368
2000.10422730719	5.8676574826559
2003.57218597861	1.74972117673809
2007.04014465003	1.16656722826723
2010.50810332145	1.04956780601691
2013.97606199287	1.43734090421953
2017.44402066429	1.73524351759937
