time	95%HPD_lower_value	95%HPD_higher_value
1646.47102729198	1.07092412828138	1.07092412828138
1648.33833953235	NA	NA
1650.20565177272	NA	NA
1652.07296401309	NA	NA
1653.94027625347	NA	NA
1655.80758849384	NA	NA
1657.67490073421	NA	NA
1659.54221297459	NA	NA
1661.40952521496	NA	NA
1663.27683745533	NA	NA
1665.1441496957	NA	NA
1667.01146193608	NA	NA
1668.87877417645	NA	NA
1670.74608641682	NA	NA
1672.6133986572	NA	NA
1674.48071089757	NA	NA
1676.34802313794	3.95478387730793	3.95478387730793
1678.21533537831	3.95499778403525	3.95499778403525
1680.08264761869	2.98785530774528	3.9304026133213
1681.94995985906	1.56723162252944	2.92743979211231
1683.81727209943	0.185062806917111	2.14946244418284
1685.68458433981	0.185282279193595	2.1495205959975
1687.55189658018	0.174940585252168	2.123562732361
1689.41920882055	1.10466531213017	3.31408409293205
1691.28652106092	1.13417610333465	3.34370495674533
1693.1538333013	2.5694996550579	2.86336834265326
1695.02114554167	1.1511726290037	2.85838536678686
1696.88845778204	1.01002988317845	4.26489906731995
1698.75577002241	0.98458750183511	4.93009461738617
1700.62308226279	0.860275465382357	4.87971111721772
1702.49039450316	0.407144395415412	5.4867769010712
1704.35770674353	0.105566463880695	5.79341105962691
1706.22501898391	0.0637218587261046	5.77847043741367
1708.09233122428	0.0759166274925084	4.95516327691666
1709.95964346465	0.401405282777359	4.36463000354109
1711.82695570502	0.092669650764711	4.78707478849566
1713.6942679454	0.304870374302211	5.38307574348754
1715.56158018577	0.0690701797581215	5.25744298080886
1717.42889242614	0.288799441961883	4.86464569067829
1719.29620466652	0.0291677033024849	4.82806744677841
1721.16351690689	0.018415383703027	5.35467145534988
1723.03082914726	0.0230254229350443	5.4101130814643
1724.89814138763	0.0161881765894854	6.05238423477703
1726.76545362801	0.0183132528829814	5.58602155472901
1728.63276586838	0.0279101436430174	6.1981913778722
1730.50007810875	0.0234199318259384	6.01369334071562
1732.36739034913	0.0250861212967704	6.00105209890587
1734.2347025895	0.0330045549822241	6.77160611973064
1736.10201482987	0.038221852296304	7.74455304230689
1737.96932707024	0.125728297308312	7.04628297409994
1739.83663931062	0.737137762321272	6.71550041057938
1741.70395155099	0.793408809588787	8.16326386263289
1743.57126379136	0.0185310478533134	8.2518152759535
1745.43857603173	0.0288196306947131	8.24786275022642
1747.30588827211	0.0273756783367453	6.00962092563741
1749.17320051248	0.0165157432620637	7.5185050617803
1751.04051275285	0.0146333916406832	9.25713823373817
1752.90782499323	0.0145904607610205	9.27219908091398
1754.7751372336	0.0506444394010934	9.2872340547892
1756.64244947397	0.0656094496954849	12.9551641605296
1758.50976171434	0.103235164187705	8.35697072799735
1760.37707395472	0.459807763203673	8.34278257883683
1762.24438619509	0.336689558639435	13.6451643225652
1764.11169843546	0.341959019107442	10.0560759384112
1765.97901067584	0.355461199863335	15.6160541132578
1767.84632291621	0.350258728594021	16.0116398270085
1769.71363515658	0.0603721647773522	15.9774811342916
1771.58094739695	0.0645721278515532	13.2315814509355
1773.44825963733	0.0473173412372897	17.7706694098197
1775.3155718777	0.0711359385660698	17.4372920942249
1777.18288411807	0.181404919557912	20.4499507033496
1779.05019635845	0.127044508846048	20.0934287796599
1780.91750859882	0.117004795934612	17.4573316567156
1782.78482083919	0.144170496873821	18.4653854150869
1784.65213307956	0.190005594430668	20.5336543937291
1786.51944531994	0.283737811376169	22.6577719718828
1788.38675756031	0.388918191187817	20.0622782899099
1790.25406980068	0.417667447344483	17.6461935123246
1792.12138204105	0.3943502233074	19.6855589150716
1793.98869428143	0.433534923123077	19.7638356400302
1795.8560065218	0.406609656286387	27.4533173473334
1797.72331876217	0.447581476883209	29.3162124429894
1799.59063100255	0.0794034305600545	30.9787212569579
1801.45794324292	0.102213504063439	38.3111774013265
1803.32525548329	0.248285654409254	23.3840776125809
1805.19256772366	0.492141721003389	19.1681187241325
1807.05987996404	0.50663269878499	14.6269566926973
1808.92719220441	0.51105223172527	20.2767032409732
1810.79450444478	0.461681609226816	19.9149723422661
1812.66181668516	0.468482629028898	12.3356490114839
1814.52912892553	0.323935364026976	17.2843799985808
1816.3964411659	0.264158090487289	15.0254009996061
1818.26375340627	0.478544430526879	11.1972746289323
1820.13106564665	0.549395577136075	14.0636302654581
1821.99837788702	0.541460921720511	13.299912124984
1823.86569012739	0.504946813655276	57.5949429254026
1825.73300236777	0.504461388773161	14.0391411723989
1827.60031460814	0.540785934100124	37.6326367916359
1829.46762684851	0.438570056990253	24.3001174078003
1831.33493908888	0.369356962359392	20.7569398421839
1833.20225132926	0.66414364904021	28.4614249141485
1835.06956356963	0.175090695460137	25.5002041972674
1836.93687581	0.0479728918626573	11.4339653345482
1838.80418805037	0.0512876360393044	24.1233791290642
1840.67150029075	0.0585353955206782	14.5223571450655
1842.53881253112	0.108120428910618	44.5219294782192
1844.40612477149	0.116225891341792	28.1473876890129
1846.27343701187	0.0375603888061131	47.1471773568638
1848.14074925224	0.0376962936084109	21.7204915720492
1850.00806149261	0.0527183721175568	16.8455797237317
1851.87537373298	0.0389311610230161	13.1793621526883
1853.74268597336	0.0320847667458352	23.1560949089946
1855.60999821373	0.0353175089815199	30.3710233257514
1857.4773104541	0.0405209141984219	19.5344913767885
1859.34462269448	0.0510380613702946	16.8387129177258
1861.21193493485	0.0532412257478754	21.6003607118577
1863.07924717522	0.048005864203663	18.8651876248572
1864.94655941559	0.0436049734429719	14.9883398342737
1866.81387165597	0.0376114378920221	12.422267910212
1868.68118389634	0.0542689318746442	11.4283830548476
1870.54849613671	0.0687940428928999	11.3680229432069
1872.41580837709	0.0565179220955648	14.4963651018028
1874.28312061746	0.0687357140877908	15.6536710443888
1876.15043285783	0.0775766433663316	16.2821537270394
1878.0177450982	0.0583225477245469	16.4961088580673
1879.88505733858	0.0504370593399093	14.6916686096797
1881.75236957895	0.0480004868998765	15.8366261586643
1883.61968181932	0.0439900743737837	14.4629998479625
1885.48699405969	0.0308459430585515	15.1543103595208
1887.35430630007	0.0349304709351412	18.685841370934
1889.22161854044	0.0258711677885955	23.1833646629579
1891.08893078081	0.0346479987070021	27.1935257334412
1892.95624302119	0.0249578629399603	30.9441642842827
1894.82355526156	0.0276440604523597	42.8690369985085
1896.69086750193	0.0243907641818904	35.596556740208
1898.5581797423	0.0177038490457843	38.4730652370323
1900.42549198268	0.0191451944674796	54.8858351207519
1902.29280422305	0.0172571138154778	53.4834120289635
1904.16011646342	0.014856131575906	53.2507190774881
1906.0274287038	0.0119385008852497	44.6188969762421
1907.89474094417	0.0110650628735199	37.8859136457667
1909.76205318454	0.0109815129017867	24.3860802554565
1911.62936542491	0.0120759363949331	27.1405618333126
1913.49667766529	0.0106621596160724	19.4280161259049
1915.36398990566	0.0102511069229609	19.1201474391718
1917.23130214603	0.00979428025050292	14.7075275942942
1919.09861438641	0.00999608134160839	5.91345064107514
1920.96592662678	0.0108787011322412	3.82142692865994
1922.83323886715	0.011708449044243	2.73735738304343
1924.70055110752	0.0137506769919584	1.91978625513307
1926.5678633479	0.0109213826024737	1.69643531353791
1928.43517558827	0.0132872919064857	1.22448982676517
1930.30248782864	0.0146297429689772	1.60096678508998
1932.16980006901	0.0141042259585429	1.52807039814115
1934.03711230939	0.0137272239651777	1.95898813209478
1935.90442454976	0.0205773190784493	1.84695753011637
1937.77173679013	0.0288845403437834	2.07405306298275
1939.63904903051	0.0322951884277507	2.47214584190403
1941.50636127088	0.040379759604765	2.79981111202368
1943.37367351125	0.0424751485500294	3.73119153774166
1945.24098575162	0.0674719523975786	4.81557199191313
1947.108297992	0.0819696176207321	4.48576560566168
1948.97561023237	0.106333429555433	4.36224372767956
1950.84292247274	0.110637175873621	3.99305668226592
1952.71023471312	0.0687549491791221	3.43845542166177
1954.57754695349	0.0571260770858034	2.87430884764402
1956.44485919386	0.0559792040991115	2.40077606940246
1958.31217143423	0.0615253703601212	1.9329067566199
1960.17948367461	0.0643693811256877	3.10678674696451
1962.04679591498	0.129198238699076	4.25905985616966
1963.91410815535	0.209708730040734	3.71873953321911
1965.78142039573	0.144196413381877	4.72346296747497
1967.6487326361	0.126148495151724	5.28299418680452
1969.51604487647	0.1268812025734	6.89506760606506
1971.38335711684	0.135400249520564	7.00743103211634
1973.25066935722	0.207838657084309	8.0141771563314
1975.11798159759	0.254196320867686	8.52850320608462
1976.98529383796	0.311368401397004	7.79696080386981
1978.85260607833	0.330298147316667	7.2644189220918
1980.71991831871	0.323540736797703	7.64970709390508
1982.58723055908	0.262317167962553	6.46395865472355
1984.45454279945	0.232540472635824	4.31238905587539
1986.32185503983	0.207648789580437	3.3129083552694
1988.1891672802	0.223416161106269	2.47413692870513
1990.05647952057	0.198241862671327	2.84457399477095
1991.92379176094	0.259782292909616	3.13886317467106
1993.79110400132	0.374148800114025	3.30169380864474
1995.65841624169	0.424904923600503	2.62810281129682
1997.52572848206	0.423059485042005	2.47916583292973
1999.39304072244	0.434987766251809	2.73623813389746
2001.26035296281	0.530108488114397	3.57756211484407
2003.12766520318	0.589950878550976	3.56074455430286
2004.99497744355	0.328016415117769	2.71957858705895
2006.86228968393	0.424949013310366	1.88305756314296
2008.7296019243	0.925660517491354	3.38767966670456
2010.59691416467	1.88950991896204	3.5823653221042
2012.46422640505	1.23990819163688	2.43891661567797
2014.33153864542	1.38232388356783	2.87058444219206
2016.19885088579	0.0732350930551313	2.53241571728126
2018.06616312616	0.214060097739808	0.36157337353168
