time	distance
1645.53737117179	0
1647.40468341216	0.00393736120710783
1649.27199565254	0.00787463733803577
1651.13930789291	0.0118118280499989
1653.00662013328	0.0157489330044337
1654.87393237365	0.0196859518599427
1656.74124461403	0.0236228842772647
1658.6085568544	0.0275597299149039
1660.47586909477	0.0314964884323392
1662.34318133515	0.0354331594891808
1664.21049357552	0.0393697427442597
1666.07780581589	0.0433062378575073
1667.94511805626	0.0472426444879319
1669.81243029664	0.051178962294999
1671.67974253701	0.0551151909379456
1673.54705477738	0.059051330075674
1675.41436701775	0.0629873793677608
1677.28167925813	0.0669233384732202
1679.1489914985	0.0742438336728388
1681.01630373887	0.0929112153331674
1682.88361597925	0.121362119935043
1684.75092821962	0.151820850124273
1686.61824045999	0.192825792108593
1688.48555270036	0.240030916019156
1690.35286494074	0.288830117823937
1692.22017718111	0.350765904561395
1694.08748942148	0.418401562462151
1695.95480166186	0.511439988994831
1697.82211390223	0.635585675160233
1699.6894261426	0.808449212257469
1701.55673838297	1.04894728310371
1703.42405062335	1.35101845887865
1705.29136286372	1.70506502818843
1707.15867510409	2.1557500533901
1709.02598734447	2.70415413912222
1710.89329958484	3.34395949226369
1712.76061182521	4.0956610530165
1714.62792406558	4.99047569726274
1716.49523630596	6.04674287353365
1718.36254854633	7.235873590942
1720.2298607867	8.61456817201621
1722.09717302707	10.2261541769192
1723.96448526745	12.1102208382951
1725.83179750782	14.1715762965331
1727.69910974819	16.6039218149561
1729.56642198857	19.3751184671705
1731.43373422894	22.4761858526178
1733.30104646931	25.9329101756652
1735.16835870968	29.8052917668793
1737.03567095006	34.1901910043639
1738.90298319043	39.0456989223311
1740.7702954308	44.342132898309
1742.63760767118	50.006183994436
1744.50491991155	56.0979228283644
1746.37223215192	62.5808246124952
1748.23954439229	69.4433792681956
1750.10685663267	76.7052596739316
1751.97416887304	84.4076846216066
1753.84148111341	92.5133866310524
1755.70879335379	101.005534575073
1757.57610559416	109.992320464005
1759.44341783453	119.225103465877
1761.3107300749	128.713813832747
1763.17804231528	138.383728418731
1765.04535455565	148.05827549479
1766.91266679602	157.794739347683
1768.77997903639	167.688829229046
1770.64729127677	177.655528475548
1772.51460351714	187.504366709206
1774.38191575751	197.265745139471
1776.24922799789	206.937926175591
1778.11654023826	216.524710195474
1779.98385247863	226.116436665029
1781.851164719	235.529266608695
1783.71847695938	244.656320385335
1785.58578919975	253.575295942003
1787.45310144012	261.991942444782
1789.3204136805	270.19767795026
1791.18772592087	277.943732654599
1793.05503816124	285.22391178543
1794.92235040161	292.259232163522
1796.78966264199	299.228965302136
1798.65697488236	306.070195257416
1800.52428712273	312.533569657099
1802.39159936311	318.64522066143
1804.25891160348	323.727255824013
1806.12622384385	328.431373704213
1807.99353608422	332.592048234774
1809.8608483246	336.503016272182
1811.72816056497	340.126845566156
1813.59547280534	343.463103957585
1815.46278504571	346.602136935329
1817.33009728609	349.588210142453
1819.19740952646	352.408162165033
1821.06472176683	355.160743093108
1822.93203400721	357.891565933444
1824.79934624758	360.602534563899
1826.66665848795	363.366749455385
1828.53397072832	366.117001374247
1830.4012829687	368.868434411484
1832.26859520907	371.620923575667
1834.13590744944	374.463370768213
1836.00321968982	377.326892709186
1837.87053193019	380.143820436453
1839.73784417056	382.969332122981
1841.60515641093	385.814101537291
1843.47246865131	388.709231807827
1845.33978089168	391.726519240684
1847.20709313205	394.697748951007
1849.07440537243	397.694804722529
1850.9417176128	400.695929612829
1852.80902985317	403.696548512607
1854.67634209354	406.665584006
1856.54365433392	409.772623216785
1858.41096657429	412.795971671285
1860.27827881466	415.996518456445
1862.14559105503	419.28529691679
1864.01290329541	422.698784051742
1865.88021553578	426.161706459428
1867.74752777615	429.584677546492
1869.61484001653	432.975451880238
1871.4821522569	436.533586412071
1873.34946449727	440.188795971933
1875.21677673764	443.982734585676
1877.08408897802	447.822605174603
1878.95140121839	451.758774916797
1880.81871345876	455.704872621646
1882.68602569914	459.830879539481
1884.55333793951	463.876814435393
1886.42065017988	467.809205401893
1888.28796242025	471.832343189803
1890.15527466063	476.179457703978
1892.022586901	480.771141169852
1893.88989914137	485.257005944722
1895.75721138175	489.943601460342
1897.62452362212	494.732205183115
1899.49183586249	498.620093239884
1901.35914810286	502.065451795897
1903.22646034324	506.170493169609
1905.09377258361	510.219147337681
1906.96108482398	514.030258107934
1908.82839706435	516.603339965409
1910.69570930473	518.162863765617
1912.5630215451	519.571601445094
1914.43033378547	520.766939568179
1916.29764602585	521.345159970046
1918.16495826622	521.656637191569
1920.03227050659	521.953342979614
1921.89958274696	522.156241724673
1923.76689498734	522.282964458368
1925.63420722771	522.426067861783
1927.50151946808	522.528478028534
1929.36883170846	522.63190182928
1931.23614394883	522.743545108939
1933.1034561892	522.873303470915
1934.97076842957	523.01006049764
1936.83808066995	523.156671606411
1938.70539291032	523.309162354395
1940.57270515069	523.466824901269
1942.44001739107	523.624816891639
1944.30732963144	523.791087495905
1946.17464187181	523.963612313349
1948.04195411218	524.13850650881
1949.90926635256	524.318728858866
1951.77657859293	524.517397202817
1953.6438908333	524.740877759645
1955.51120307367	524.986311963621
1957.37851531405	525.248779701993
1959.24582755442	525.528252854192
1961.11313979479	525.83579002017
1962.98045203517	526.169905024816
1964.84776427554	526.556442108214
1966.71507651591	526.986532692774
1968.58238875628	527.496383611116
1970.44970099666	528.007946113214
1972.31701323703	528.505348406102
1974.1843254774	529.023704828936
1976.05163771778	529.463241264592
1977.91894995815	529.783832678606
1979.78626219852	529.998043649299
1981.65357443889	530.134840931643
1983.52088667927	530.23353799397
1985.38819891964	530.303360461014
1987.25551116001	530.362032755042
1989.12282340039	530.414147441923
1990.99013564076	530.481657777402
1992.85744788113	530.615715417662
1994.7247601215	530.949671604413
1996.59207236188	531.654791492814
1998.45938460225	532.825260430545
2000.32669684262	534.399976083481
2002.19400908299	536.260352358554
2004.06132132337	538.289085259449
2005.92863356374	540.400221179595
2007.79594580411	542.563312989271
2009.66325804449	544.750966677213
2011.53057028486	546.963270183009
2013.39788252523	546.971439615551
2015.2651947656	546.971779975668
2017.13250700598	546.971791740658
2018.99981924635	546.971791740658
