time	velocity
1699.24913313677	0.0548645243797227
1700.85278660476	0.0450614980668587
1702.45644007275	0.0571320053271313
1704.06009354073	0.0374002341337891
1705.66374700872	0.0297390126198283
1707.2674004767	0.0440647112187541
1708.87105394469	0.0612880273026207
1710.47470741268	0.0620317691531387
1712.07836088066	0.0587646550191278
1713.68201434865	0.072864884427501
1715.28566781663	0.0598720344073215
1716.88932128462	0.074486883931447
1718.49297475261	0.0543941417317545
1720.09662822059	0.0595186312935437
1721.70028168858	0.058293171064899
1723.30393515656	0.0581321881539862
1724.90758862455	0.0463177023132733
1726.51124209254	0.0494812415243377
1728.11489556052	0.0540486273703605
1729.71854902851	0.0684479534388014
1731.3222024965	0.0684463392375696
1732.92585596448	0.0487094419823454
1734.52950943247	0.0428312728235765
1736.13316290045	0.0404310020122307
1737.73681636844	0.0458321796333517
1739.34046983643	0.0508160104101042
1740.94412330441	0.0582549117967644
1742.5477767724	0.0549699220223893
1744.15143024038	0.0549683553709827
1745.75508370837	0.057260346532385
1747.35873717636	0.0641413373634899
1748.96239064434	0.0670797470383142
1750.56604411233	0.052358928176689
1752.16969758031	0.047415918645754
1753.7733510483	0.0452973714544922
1755.37700451629	0.04478294929943
1756.98065798427	0.0456194860810423
1758.58431145226	0.0598749553284728
1760.18796492024	0.0603564581099586
1761.79161838823	0.0679419100255964
1763.39527185622	0.0729533250472729
1764.9989253242	0.0830660240284621
1766.60257879219	0.0729529786502192
1768.20623226018	0.0554195587722144
1769.80988572816	0.0549516437488076
1771.41353919615	0.0546810697378659
1773.01719266413	0.0549686215533069
1774.62084613212	0.0523380611134719
1776.22449960011	0.051076572192456
1777.82815306809	0.0583408365835228
1779.43180653608	0.0631145733805073
1781.03546000406	0.0686000543875537
1782.63911347205	0.0679424905942099
1784.24276694004	0.0762286561744718
1785.84642040802	0.095476518640697
1787.45007387601	0.0987869500038364
1789.05372734399	0.0722705560405925
1790.65738081198	0.0827965256387077
1792.26103427997	0.0827964984423833
1793.86468774795	0.0954879953434399
1795.46834121594	0.120640713228276
1797.07199468393	0.197442467787827
1798.67564815191	0.270906795761269
1800.2793016199	0.310863399412965
1801.88295508788	0.210687408480273
1803.48660855587	0.292726110474373
1805.09026202386	0.424255698448703
1806.69391549184	0.56270148135027
1808.29756895983	0.607713129628881
1809.90122242781	0.3995428870706
1811.5048758958	0.435567114193362
1813.10852936379	0.523557789649813
1814.71218283177	0.488307852427341
1816.31583629976	0.394271230454879
1817.91948976774	0.429803069575957
1819.52314323573	0.563883526279009
1821.12679670372	0.534239227636402
1822.7304501717	0.541538954884285
1824.33410363969	0.459902692221984
1825.93775710767	0.472604035364783
1827.54141057566	0.502661379424201
1829.14506404365	0.3897105029046
1830.74871751163	0.424918587555337
1832.35237097962	0.455226529313019
1833.95602444761	0.414170567274589
1835.55967791559	0.436853113772898
1837.16333138358	0.37288859202654
1838.76698485156	0.356684478096113
1840.37063831955	0.336411491498091
1841.97429178754	0.318418306659095
1843.57794525552	0.329390833297801
1845.18159872351	0.263971910783975
1846.78525219149	0.249541173101245
1848.38890565948	0.223756112036026
1849.99255912747	0.28039332443915
1851.59621259545	0.268016026547522
1853.19986606344	0.258682447183554
1854.80351953142	0.249358660816902
1856.40717299941	0.286945988504854
1858.0108264674	0.362675140550881
1859.61447993538	0.389558709736402
1861.21813340337	0.476605504919499
1862.82178687136	0.470247256844648
1864.42544033934	0.636965291047474
1866.02909380733	0.545093591282585
1867.63274727531	0.661564834086192
1869.2364007433	0.973336894587675
1870.84005421129	0.903914213087052
1872.44370767927	0.831201513020698
1874.04736114726	1.15301564823163
1875.65101461524	0.74572081675846
1877.25466808323	0.747355785200911
1878.85832155122	1.00065478378031
1880.4619750192	0.884351406421055
1882.06562848719	0.805695043278287
1883.66928195517	0.763654317307072
1885.27293542316	0.874100760744061
1886.87658889115	0.970988355527701
1888.48024235913	0.695116156081369
1890.08389582712	0.58481444887795
1891.68754929511	0.750710321740715
1893.29120276309	0.633570965120211
1894.89485623108	0.82220291439865
1896.49850969906	0.999225783189388
1898.10216316705	0.702805616427205
1899.70581663504	0.609029111129834
1901.30947010302	0.81126051323475
1902.91312357101	0.741439247066637
1904.51677703899	0.492817355898923
1906.12043050698	0.487766641498146
1907.72408397497	1.41446022953194
1909.32773744295	0.66566714509418
1910.93139091094	0.1597030062125
1912.53504437892	0.0540445304184364
1914.13869784691	0.0437048304532788
1915.7423513149	0.0544354709836833
1917.34600478288	0.0551585049105366
1918.94965825087	0.0731946438234218
1920.55331171885	0.09804882504836
1922.15696518684	0.0630203889774621
1923.76061865483	0.0539434858815591
1925.36427212281	0.0704542848358304
1926.9679255908	0.0639168852890764
1928.57157905879	0.067156543634619
1930.17523252677	0.0695339438051709
1931.77888599476	0.0736738711300595
1933.38253946274	0.085878381192051
1934.98619293073	0.0845252868605192
1936.58984639872	0.0837939313010134
1938.1934998667	0.0947612916374399
1939.79715333469	0.201815207280868
1941.40080680267	3.07283323575693
1943.00446027066	7.08988878777069
1944.60811373865	7.42321455177781
1946.21176720663	9.2011330774714
1947.81542067462	10.3070464588318
1949.4190741426	9.75405699821123
1951.02272761059	6.3102325034325
1952.62638107858	2.75818032600629
1954.23003454656	1.76182260563068
1955.83368801455	1.35392175529925
1957.43734148254	1.37157723754904
1959.04099495052	1.53130473854833
1960.64464841851	1.83544426093573
1962.24830188649	2.40587782688035
1963.85195535448	2.39998539805076
1965.45560882247	2.41536774334524
1967.05926229045	2.29336926662879
1968.66291575844	2.06735245540784
1970.26656922642	1.81842484188232
1971.87022269441	1.59407987524672
1973.4738761624	1.89404695789545
1975.07752963038	2.29250390024365
1976.68118309837	2.69185983012346
1978.28483656635	2.64182629860616
1979.88849003434	1.9966124766653
1981.49214350233	1.42514809160433
1983.09579697031	1.01521844829814
1984.6994504383	1.01777865256136
1986.30310390629	1.08392748305054
1987.90675737427	1.09115816263843
1989.51041084226	1.01364671989913
1991.11406431024	0.990348746855825
1992.71771777823	1.00660073635247
1994.32137124622	1.11917130220253
1995.9250247142	1.76603910997871
1997.52867818219	2.01253485981268
1999.13233165017	1.85552146727971
2000.73598511816	1.54220025291319
2002.33963858615	1.50054040436329
2003.94329205413	1.85805126437119
2005.54694552212	1.98845145029469
2007.1505989901	1.14840634483804
2008.75425245809	0.980612426141819
2010.35790592608	0.850752794112387
2011.96155939406	0.856557436432766
2013.56521286205	1.48876597947481
2015.16886633003	1.428165939854
2016.77251979802	1.52686067991602
2018.37617326601	1.48550890254724
